9.996E-05 9.996E-05 0.9995 9.996E-05 9.996E-05 9.996E-05
0.365466 9.9964E-05 9.9964E-05 9.9964E-05 9.9964E-05 0.634134
0.644677 0.108029 9.99732E-05 9.99732E-05 0.246994 9.99732E-05
9.99911E-05 0.762144 0.0336366 0.0368158 0.108126 0.0591777
0.857242 9.99729E-05 9.99729E-05 9.99729E-05 0.1297 0.0127576
9.99731E-05 9.99731E-05 0.799598 0.181489 0.0186131 9.99731E-05
0.278088 0.0027413 9.99729E-05 9.99729E-05 9.99729E-05 0.718871
0.225064 0.437012 0.00735584 0.0934841 0.219194 0.01789
0.00218813 9.99731E-05 0.145824 9.99731E-05 9.99731E-05 0.851688
0.0723486 0.397613 9.9982E-05 9.9982E-05 0.3874 0.142438
9.99639E-05 9.99639E-05 0.0111217 9.99639E-05 9.99639E-05 0.988478
0.0491957 9.99819E-05 0.243634 0.68529 0.0216808 9.99819E-05
9.9982E-05 0.310183 0.647828 0.0057596 0.0360297 9.9982E-05
0.0560195 0.0151996 0.145923 0.671004 0.0345896 0.0772646
9.9964E-05 0.515091 9.9964E-05 9.9964E-05 0.484509 9.9964E-05
0.00146916 9.99731E-05 0.0804646 0.917766 9.99731E-05 9.99731E-05
0.0604288 0.00320014 0.159755 0.717014 0.0452957 0.0143066
9.996E-05 9.996E-05 9.996E-05 9.996E-05 9.996E-05 0.9995
0.309147 9.99729E-05 9.99729E-05 9.99729E-05 0.0064321 0.684121
0.982768 9.9973E-05 9.9973E-05 9.9973E-05 0.00285459 0.0140772
9.99642E-05 9.99642E-05 9.99642E-05 0.63786 9.99642E-05 0.36174
9.996E-05 9.996E-05 0.9995 9.996E-05 9.996E-05 9.996E-05
9.9973E-05 0.234716 9.9973E-05 9.9973E-05 0.685184 0.0798002
0.453741 0.189308 0.23463 9.9982E-05 9.9982E-05 0.122121
9.99642E-05 0.922438 9.99642E-05 9.99642E-05 0.0771626 9.99642E-05
0.011296 9.9991E-05 0.171899 0.00603349 0.0103846 0.800287
9.9964E-05 0.637392 0.362208 9.9964E-05 9.9964E-05 9.9964E-05
9.996E-05 9.996E-05 9.996E-05 0.9995 9.996E-05 9.996E-05
9.996E-05 9.996E-05 0.9995 9.996E-05 9.996E-05 9.996E-05
0.0313377 9.99819E-05 0.0124136 0.0293479 9.99819E-05 0.926701
9.99641E-05 0.512944 9.99641E-05 9.99641E-05 0.486657 9.99641E-05
9.9964E-05 9.9964E-05 0.666341 0.333259 9.9964E-05 9.9964E-05
0.0651828 9.99729E-05 0.0845319 9.99729E-05 9.99729E-05 0.849985
0.0451996 0.115361 0.686021 0.0637567 9.9991E-05 0.0895611
0.42467 9.99639E-05 9.99639E-05 9.99639E-05 9.99639E-05 0.57493
0.197501 9.9964E-05 9.9964E-05 9.9964E-05 0.802099 9.9964E-05
0.241116 0.157802 0.222115 9.9982E-05 9.9982E-05 0.378766
9.9964E-05 0.479661 0.519939 9.9964E-05 9.9964E-05 9.9964E-05
9.99641E-05 9.99641E-05 9.99641E-05 0.725223 9.99641E-05 0.274377
0.0531585 9.99729E-05 0.128572 0.81797 9.99729E-05 9.99729E-05
9.9982E-05 0.00791722 0.876251 0.0159378 0.0996935 9.9982E-05
0.0302705 0.825617 9.99821E-05 0.0213212 0.122591 9.99821E-05
0.348799 0.00779027 0.0293744 9.99821E-05 9.99821E-05 0.613836
9.99639E-05 0.861986 0.137614 9.99639E-05 9.99639E-05 9.99639E-05
9.9964E-05 9.9964E-05 0.802106 0.197494 9.9964E-05 9.9964E-05
0.0288529 9.9973E-05 0.770353 0.200495 9.9973E-05 9.9973E-05
0.93501 9.99729E-05 0.0602823 0.00440744 9.99729E-05 9.99729E-05
9.996E-05 9.996E-05 9.996E-05 9.996E-05 9.996E-05 0.9995
0.282671 9.9964E-05 9.9964E-05 9.9964E-05 9.9964E-05 0.716929
9.996E-05 9.996E-05 0.9995 9.996E-05 9.996E-05 9.996E-05
9.99732E-05 0.360744 0.607263 9.99732E-05 9.99732E-05 0.0316926
0.0799428 0.0284553 0.212186 0.673599 0.00571721 9.9991E-05
9.99732E-05 9.99732E-05 0.00607595 0.987434 9.99732E-05 0.00618967
9.9973E-05 0.0623729 0.0158072 9.9973E-05 0.92152 9.9973E-05
0.24638 0.457473 0.0169036 0.0907069 0.188436 9.9991E-05
0.0639792 0.44359 9.9982E-05 9.9982E-05 0.371863 0.120368
0.507865 0.0466737 9.99821E-05 9.99821E-05 0.408272 0.0369892
9.99639E-05 0.467071 9.99639E-05 9.99639E-05 0.532529 9.99639E-05
0.0897583 0.512399 0.19595 0.139557 9.9991E-05 0.0622355
0.9995 9.996E-05 9.996E-05 9.996E-05 9.996E-05 9.996E-05
9.99911E-05 0.073902 0.677064 0.131496 0.0153896 0.102049
0.0254594 0.132241 0.680909 0.132557 9.9991E-05 0.0287331
9.99639E-05 0.270821 0.728779 9.99639E-05 9.99639E-05 9.99639E-05
9.9982E-05 0.121538 0.685572 0.110919 0.0817713 9.9982E-05
0.0317044 0.702103 0.137153 9.9982E-05 9.9982E-05 0.128839
9.9964E-05 0.538782 9.9964E-05 9.9964E-05 0.460818 9.9964E-05
0.0390784 0.692182 0.160101 0.0211282 9.9991E-05 0.0874108
9.996E-05 9.996E-05 0.9995 9.996E-05 9.996E-05 9.996E-05
9.9964E-05 9.9964E-05 9.9964E-05 0.960792 0.0388078 9.9964E-05
9.99641E-05 0.449013 0.550587 9.99641E-05 9.99641E-05 9.99641E-05
0.515746 9.99729E-05 9.99729E-05 0.0473667 0.436587 9.99729E-05
9.996E-05 9.996E-05 0.9995 9.996E-05 9.996E-05 9.996E-05
9.9964E-05 0.237075 0.762525 9.9964E-05 9.9964E-05 9.9964E-05
9.9964E-05 0.397252 9.9964E-05 9.9964E-05 0.602348 9.9964E-05
0.945871 9.9973E-05 0.0428588 0.0109701 9.9973E-05 9.9973E-05
0.518188 9.9982E-05 9.9982E-05 0.0623189 0.00751105 0.411782
9.9973E-05 0.0741696 0.000798891 9.9973E-05 0.924732 9.9973E-05
9.9973E-05 9.9973E-05 0.0184057 0.842388 9.9973E-05 0.138907
0.0504053 9.9991E-05 0.0832011 0.701052 0.0109285 0.154313
9.9964E-05 0.432092 9.9964E-05 9.9964E-05 0.567508 9.9964E-05
0.425619 9.99732E-05 0.0131688 9.99732E-05 9.99732E-05 0.560912
0.259139 0.154259 0.257152 9.9982E-05 9.9982E-05 0.32925
9.99819E-05 9.99819E-05 0.0981771 0.501583 0.0146406 0.385399
9.99639E-05 0.829242 0.170358 9.99639E-05 9.99639E-05 9.99639E-05
0.0310558 0.865894 9.99821E-05 0.00637125 0.0964794 9.99821E-05
9.9973E-05 0.0234062 9.9973E-05 0.816006 9.9973E-05 0.160288
9.996E-05 9.996E-05 0.9995 9.996E-05 9.996E-05 9.996E-05
9.9964E-05 0.85791 9.9964E-05 9.9964E-05 0.14169 9.9964E-05
0.0704167 0.858586 9.99821E-05 0.0515087 9.99821E-05 0.019289
0.0944805 0.848809 9.99821E-05 0.0130789 9.99821E-05 0.0434313
9.996E-05 9.996E-05 0.9995 9.996E-05 9.996E-05 9.996E-05
0.0194123 9.9973E-05 9.9973E-05 0.00480177 0.975486 9.9973E-05
0.9995 9.996E-05 9.996E-05 9.996E-05 9.996E-05 9.996E-05
9.99639E-05 0.40456 9.99639E-05 9.99639E-05 0.59504 9.99639E-05
9.9964E-05 9.9964E-05 0.11865 0.88095 9.9964E-05 9.9964E-05
0.407454 0.237758 0.23993 9.9982E-05 9.9982E-05 0.114658
0.0894647 0.522511 0.226525 0.0539874 9.9991E-05 0.107412
0.881729 9.9964E-05 9.9964E-05 9.9964E-05 0.117872 9.9964E-05
9.9964E-05 9.9964E-05 9.9964E-05 0.510668 9.9964E-05 0.488932
9.9964E-05 0.594593 9.9964E-05 9.9964E-05 0.405007 9.9964E-05
0.023949 9.99819E-05 0.0256647 0.035166 9.99819E-05 0.91502
9.996E-05 9.996E-05 9.996E-05 0.9995 9.996E-05 9.996E-05
0.544374 0.430126 9.9973E-05 0.0252001 9.9973E-05 9.9973E-05
9.99641E-05 0.295422 0.704178 9.99641E-05 9.99641E-05 9.99641E-05
9.9964E-05 0.882213 9.9964E-05 9.9964E-05 0.117387 9.9964E-05
0.357856 9.9964E-05 9.9964E-05 9.9964E-05 0.641744 9.9964E-05
9.99639E-05 9.99639E-05 9.99639E-05 0.698403 9.99639E-05 0.301197
0.388517 0.212979 0.02735 9.99821E-05 0.370953 9.99821E-05
9.996E-05 9.996E-05 0.9995 9.996E-05 9.996E-05 9.996E-05
0.124395 0.0219896 0.544592 0.301804 0.00711845 9.9991E-05
9.99732E-05 9.99732E-05 0.627467 0.357083 9.99732E-05 0.0151503
9.99731E-05 0.0170587 0.786696 0.195945 9.99731E-05 9.99731E-05
0.9995 9.996E-05 9.996E-05 9.996E-05 9.996E-05 9.996E-05
0.531641 0.396346 9.99729E-05 0.0717129 9.99729E-05 9.99729E-05
0.0472239 0.668864 0.15383 0.019148 9.9991E-05 0.110834
0.0101447 9.9973E-05 0.691563 0.297992 9.9973E-05 9.9973E-05
9.99642E-05 9.99642E-05 9.99642E-05 0.0829139 9.99642E-05 0.916686
0.682994 0.00306777 9.99732E-05 9.99732E-05 0.313638 9.99732E-05
0.0058806 0.0565451 0.0293074 9.9982E-05 0.908067 9.9982E-05
9.9964E-05 0.58034 9.9964E-05 9.9964E-05 0.41926 9.9964E-05
0.982099 9.99639E-05 9.99639E-05 9.99639E-05 9.99639E-05 0.0175007
9.99731E-05 9.99731E-05 0.876603 0.0447157 0.0783811 9.99731E-05
9.99639E-05 9.99639E-05 9.99639E-05 0.644196 9.99639E-05 0.355404
0.290676 0.156558 0.217773 9.9982E-05 9.9982E-05 0.334794
9.9973E-05 9.9973E-05 0.00309674 0.303078 9.9973E-05 0.693525
9.996E-05 9.996E-05 9.996E-05 9.996E-05 9.996E-05 0.9995
0.0598609 0.0858907 0.110455 0.534991 9.99911E-05 0.208703
0.16681 0.547999 0.142917 0.104832 9.9991E-05 0.0373413
0.313817 9.9964E-05 9.9964E-05 9.9964E-05 0.685783 9.9964E-05
0.0219057 9.99641E-05 9.99641E-05 9.99641E-05 9.99641E-05 0.977694
9.99729E-05 9.99729E-05 0.0464858 0.398122 9.99729E-05 0.555092
0.558241 0.39248 9.99729E-05 0.0489797 9.99729E-05 9.99729E-05
0.831259 9.99821E-05 0.0409589 0.0234951 9.99821E-05 0.104088
0.0386472 9.99729E-05 0.681364 0.279689 9.99729E-05 9.99729E-05
9.996E-05 9.996E-05 0.9995 9.996E-05 9.996E-05 9.996E-05
9.9964E-05 9.9964E-05 0.773967 0.225633 9.9964E-05 9.9964E-05
9.9973E-05 9.9973E-05 9.9973E-05 0.139442 0.00611915 0.854139
0.131198 9.9982E-05 0.00281012 9.9982E-05 0.793157 0.0726358
9.9964E-05 9.9964E-05 0.0278278 9.9964E-05 9.9964E-05 0.971772
0.110162 0.408662 9.9982E-05 9.9982E-05 0.373934 0.107042
9.99641E-05 9.99641E-05 9.99641E-05 0.582569 9.99641E-05 0.417031
9.996E-05 9.996E-05 9.996E-05 0.9995 9.996E-05 9.996E-05
9.9964E-05 0.423151 0.57645 9.9964E-05 9.9964E-05 9.9964E-05
9.99641E-05 9.99641E-05 0.818501 0.181099 9.99641E-05 9.99641E-05
9.9982E-05 9.9982E-05 0.780705 0.195373 0.0180363 0.00568588
9.99641E-05 9.99641E-05 0.983195 0.0164051 9.99641E-05 9.99641E-05
9.99641E-05 9.99641E-05 0.150887 0.848714 9.99641E-05 9.99641E-05
9.9964E-05 9.9964E-05 0.137198 0.862403 9.9964E-05 9.9964E-05
9.9973E-05 0.016811 9.9973E-05 0.0170458 0.965843 9.9973E-05
0.00376105 9.9973E-05 0.786172 0.209767 9.9973E-05 9.9973E-05
0.00577879 0.481099 9.99821E-05 9.99821E-05 0.471209 0.0417127
9.99641E-05 9.99641E-05 0.818398 0.181202 9.99641E-05 9.99641E-05
9.99639E-05 0.433976 9.99639E-05 9.99639E-05 0.565624 9.99639E-05
9.99645E-05 9.99645E-05 9.99645E-05 0.327592 9.99645E-05 0.672009
9.9964E-05 0.441277 0.558323 9.9964E-05 9.9964E-05 9.9964E-05
0.0738198 0.057887 9.99731E-05 9.99731E-05 0.867993 9.99731E-05
9.99641E-05 9.99641E-05 0.083366 0.916234 9.99641E-05 9.99641E-05
9.9973E-05 0.464575 0.476594 9.9973E-05 0.058531 9.9973E-05
0.835569 9.99821E-05 0.0247268 0.0838613 9.99821E-05 0.055643
0.0166985 0.748175 0.0766864 0.0389929 9.99911E-05 0.119347
0.0396346 9.9973E-05 0.681165 0.2789 9.9973E-05 9.9973E-05
0.0112452 9.9973E-05 0.67769 0.310765 9.9973E-05 9.9973E-05
9.9964E-05 0.144098 0.855502 9.9964E-05 9.9964E-05 9.9964E-05
0.045287 0.907004 9.99822E-05 0.0460978 9.99822E-05 0.00141169
0.962214 9.99642E-05 9.99642E-05 9.99642E-05 0.0373865 9.99642E-05
0.104827 0.491655 0.22534 0.129529 9.9991E-05 0.0485493
9.9964E-05 0.549112 9.9964E-05 9.9964E-05 0.450488 9.9964E-05
0.872679 9.9964E-05 9.9964E-05 9.9964E-05 0.126922 9.9964E-05
0.0108996 9.99729E-05 9.99729E-05 0.641831 9.99729E-05 0.346969
0.548783 0.407224 9.99729E-05 0.0436936 9.99729E-05 9.99729E-05
9.996E-05 9.996E-05 9.996E-05 0.9995 9.996E-05 9.996E-05
0.76809 9.99731E-05 0.0855888 9.99731E-05 9.99731E-05 0.146021
9.99731E-05 9.99731E-05 0.987769 0.0111931 9.99731E-05 0.000738299
0.141754 9.99731E-05 0.578409 0.279537 9.99731E-05 9.99731E-05
9.99639E-05 9.99639E-05 9.99639E-05 0.659861 9.99639E-05 0.33974
9.9964E-05 9.9964E-05 9.9964E-05 0.785459 9.9964E-05 0.214141
9.9973E-05 0.175187 0.793182 9.9973E-05 0.0313314 9.9973E-05
9.9982E-05 0.135881 0.701554 0.0825148 0.0798506 9.9982E-05
0.89573 9.99731E-05 0.0922146 0.0117552 9.99731E-05 9.99731E-05
0.0242209 9.99819E-05 0.289661 0.679168 0.00675033 9.99819E-05
0.141198 9.9973E-05 9.9973E-05 9.9973E-05 0.814142 0.0443605
9.99639E-05 0.0277445 0.971856 9.99639E-05 9.99639E-05 9.99639E-05
0.0118514 9.9991E-05 0.0754402 0.674473 0.0597177 0.178417
9.99641E-05 9.99641E-05 9.99641E-05 0.130302 9.99641E-05 0.869298
0.451643 9.99644E-05 9.99644E-05 9.99644E-05 9.99644E-05 0.547957
0.374551 9.9964E-05 9.9964E-05 9.9964E-05 0.625049 9.9964E-05
0.0711053 0.159456 0.65456 0.0841941 0.015468 0.0152164
9.99729E-05 9.99729E-05 0.051811 0.595137 9.99729E-05 0.352752
0.000355321 9.9973E-05 9.9973E-05 0.718389 9.9973E-05 0.280956
9.9964E-05 9.9964E-05 0.807229 0.192371 9.9964E-05 9.9964E-05
0.148938 9.99641E-05 9.99641E-05 9.99641E-05 9.99641E-05 0.850662
0.0470494 0.0997972 0.0282055 0.446124 9.9991E-05 0.378724
0.214976 0.427082 0.0272071 0.0941085 0.226742 0.00988412
9.99639E-05 0.852018 0.147582 9.99639E-05 9.99639E-05 9.99639E-05
9.99639E-05 0.867184 0.132416 9.99639E-05 9.99639E-05 9.99639E-05
9.9991E-05 0.0550509 0.0569548 0.380536 0.0462415 0.461117
0.260988 0.174804 0.254477 9.9982E-05 9.9982E-05 0.309532
9.9973E-05 9.9973E-05 9.9973E-05 0.0282445 0.940348 0.0311076
0.733829 9.9991E-05 0.142023 0.0157081 0.0361111 0.0722284
0.102952 9.9973E-05 9.9973E-05 9.9973E-05 0.854502 0.0422458
