0.9996 9.997E-05 9.997E-05 9.997E-05 9.997E-05
9.9973E-05 0.856988 0.142712 9.9973E-05 9.9973E-05
9.99821E-05 0.566838 9.99821E-05 0.253161 0.179801
0.0402303 9.99911E-05 0.0312569 0.27818 0.650233
9.99729E-05 0.869684 9.99729E-05 0.130016 9.99729E-05
0.791161 9.9982E-05 0.148576 9.9982E-05 0.0600629
9.99729E-05 0.754752 0.244948 9.99729E-05 9.99729E-05
9.999E-05 0.176503 0.0403094 0.214712 0.568375
0.0850483 0.527914 0.386838 9.99821E-05 9.99821E-05
9.9982E-05 0.163683 9.9982E-05 0.355125 0.480991
9.99729E-05 0.57239 0.42731 9.99729E-05 9.99729E-05
0.301862 9.99819E-05 0.645176 0.0527625 9.99819E-05
0.66072 9.9991E-05 0.0330233 0.275745 0.0304109
0.158242 0.041221 0.721219 0.0447412 0.0345767
9.9973E-05 9.9973E-05 0.050366 0.949334 9.9973E-05
0.133822 9.99731E-05 0.865878 9.99731E-05 9.99731E-05
0.169404 0.0080524 0.723695 0.0987487 9.9991E-05
9.99729E-05 0.570586 0.429114 9.99729E-05 9.99729E-05
9.9973E-05 0.781621 0.218079 9.9973E-05 9.9973E-05
9.9973E-05 0.967887 9.9973E-05 0.0318132 9.9973E-05
9.99732E-05 0.0649682 0.934732 9.99732E-05 9.99732E-05
0.9996 9.997E-05 9.997E-05 9.997E-05 9.997E-05
9.9991E-05 0.181632 0.0168177 0.719588 0.0818617
0.19886 0.423945 0.0181607 9.9991E-05 0.358934
9.99731E-05 9.99731E-05 9.99731E-05 0.267518 0.732182
0.108784 0.43571 0.455306 9.99821E-05 9.99821E-05
0.453399 9.9982E-05 9.9982E-05 0.398372 0.148028
0.0028198 9.99731E-05 0.99688 9.99731E-05 9.99731E-05
0.9996 9.997E-05 9.997E-05 9.997E-05 9.997E-05
9.99729E-05 0.563 0.436701 9.99729E-05 9.99729E-05
0.0193575 9.99911E-05 0.000231408 0.954819 0.0254925
0.717671 9.9973E-05 0.282029 9.9973E-05 9.9973E-05
0.0131237 0.586727 0.39995 9.99819E-05 9.99819E-05
0.705415 0.0309576 0.0849044 9.9991E-05 0.178623
9.99729E-05 0.793899 0.205801 9.99729E-05 9.99729E-05
9.9973E-05 0.39546 9.9973E-05 0.60424 9.9973E-05
0.194914 0.393721 0.108154 9.9991E-05 0.303111
0.598952 9.9982E-05 9.9982E-05 0.294034 0.106813
9.99731E-05 9.99731E-05 0.973062 9.99731E-05 0.0266385
0.173128 9.9982E-05 0.798907 0.0277649 9.9982E-05
0.828172 9.9982E-05 0.066947 0.104681 9.9982E-05
9.99731E-05 9.99731E-05 9.99731E-05 0.324503 0.675197
0.0184223 0.741487 0.239815 9.99911E-05 0.000175583
0.247334 9.9982E-05 9.9982E-05 0.475419 0.277047
0.86946 9.9973E-05 0.130241 9.9973E-05 9.9973E-05
0.811189 0.0184989 0.170112 9.9982E-05 9.9982E-05
0.0727181 0.922643 9.9982E-05 0.0044392 9.9982E-05
9.99731E-05 0.654023 0.345677 9.99731E-05 9.99731E-05
9.9973E-05 0.766073 0.233628 9.9973E-05 9.9973E-05
0.97855 9.9973E-05 9.9973E-05 0.0211503 9.9973E-05
0.624787 9.99821E-05 9.99821E-05 0.0848134 0.2902
0.242445 0.0235847 0.658761 0.0704373 0.00477253
0.0448829 9.99731E-05 0.954817 9.99731E-05 9.99731E-05
9.99729E-05 0.172857 9.99729E-05 0.826843 9.99729E-05
0.0149114 0.180561 0.00868412 0.159128 0.636716
9.9982E-05 0.140355 9.9982E-05 0.372155 0.48729
9.99821E-05 0.541384 9.99821E-05 0.309055 0.14936
9.997E-05 9.997E-05 9.997E-05 0.9996 9.997E-05
0.187737 0.0250059 0.0969495 9.9991E-05 0.690208
9.9982E-05 0.991472 9.9982E-05 0.00422717 0.00410104
0.676106 0.0281685 0.132981 9.9991E-05 0.162645
0.667916 0.0180805 0.10866 9.9991E-05 0.205244
0.803878 9.9973E-05 9.9973E-05 0.195822 9.9973E-05
0.705807 0.00269196 0.124976 0.147712 0.0188117
0.110286 9.9973E-05 9.9973E-05 9.9973E-05 0.889414
9.9973E-05 9.9973E-05 0.0243771 0.975323 9.9973E-05
0.130942 9.9973E-05 9.9973E-05 9.9973E-05 0.868758
0.9996 9.997E-05 9.997E-05 9.997E-05 9.997E-05
0.0417851 9.9982E-05 0.934998 0.0230168 9.9982E-05
0.609552 9.9982E-05 9.9982E-05 0.235878 0.15437
9.99819E-05 0.632945 0.0147647 0.35209 9.99819E-05
0.9996 9.997E-05 9.997E-05 9.997E-05 9.997E-05
0.796313 9.9973E-05 9.9973E-05 0.203387 9.9973E-05
9.99731E-05 9.99731E-05 0.0198209 0.979879 9.99731E-05
0.0642258 0.927575 9.9982E-05 0.00799918 9.9982E-05
9.9973E-05 0.790171 0.209529 9.9973E-05 9.9973E-05
9.99729E-05 0.185312 9.99729E-05 0.814388 9.99729E-05
0.064004 9.9973E-05 0.935696 9.9973E-05 9.9973E-05
0.121444 0.0583395 0.786242 0.033874 9.9991E-05
9.997E-05 9.997E-05 9.997E-05 0.9996 9.997E-05
0.0306576 0.770094 0.199048 9.99821E-05 9.99821E-05
0.218365 0.40462 0.102586 9.9991E-05 0.27433
0.0652369 0.154363 0.7802 9.99819E-05 9.99819E-05
0.24507 9.9982E-05 9.9982E-05 0.518825 0.235905
9.99731E-05 9.99731E-05 9.99731E-05 0.331612 0.668088
9.9982E-05 9.9982E-05 0.929531 0.0130952 0.0571739
0.9996 9.997E-05 9.997E-05 9.997E-05 9.997E-05
0.0938515 9.9982E-05 9.9982E-05 0.71368 0.192269
9.99731E-05 9.99731E-05 9.99731E-05 0.201679 0.798021
9.99731E-05 9.99731E-05 9.99731E-05 0.184874 0.814827
0.9996 9.997E-05 9.997E-05 9.997E-05 9.997E-05
9.9973E-05 0.237385 9.9973E-05 0.762316 9.9973E-05
9.997E-05 0.9996 9.997E-05 9.997E-05 9.997E-05
9.997E-05 9.997E-05 9.997E-05 0.9996 9.997E-05
0.219822 9.9973E-05 0.779878 9.9973E-05 9.9973E-05
0.200181 0.399789 0.018657 9.9991E-05 0.381274
0.2425 0.0482227 0.0405042 9.9991E-05 0.668673
9.9973E-05 0.8819 9.9973E-05 0.117801 9.9973E-05
9.9973E-05 0.128756 0.870944 9.9973E-05 9.9973E-05
0.0274389 9.99821E-05 9.99821E-05 0.908824 0.0635372
9.99729E-05 0.567839 0.431862 9.99729E-05 9.99729E-05
0.0658397 9.99731E-05 0.93386 9.99731E-05 9.99731E-05
9.99729E-05 0.307977 9.99729E-05 9.99729E-05 0.691723
0.748058 9.9982E-05 9.9982E-05 0.100356 0.151386
0.0505953 9.9982E-05 9.9982E-05 0.691286 0.257919
9.9973E-05 0.53478 9.9973E-05 0.46492 9.9973E-05
9.9973E-05 0.0409517 0.958748 9.9973E-05 9.9973E-05
0.00116411 0.36465 9.9991E-05 0.345929 0.288157
0.9996 9.997E-05 9.997E-05 9.997E-05 9.997E-05
0.554659 0.0941039 0.300516 0.0291605 0.0215607
0.695957 9.99732E-05 0.303743 9.99732E-05 9.99732E-05
0.808316 9.9982E-05 0.132162 9.9982E-05 0.0593227
9.997E-05 0.9996 9.997E-05 9.997E-05 9.997E-05
9.99729E-05 0.345783 9.99729E-05 9.99729E-05 0.653918
0.138111 9.99729E-05 9.99729E-05 9.99729E-05 0.861589
0.731208 9.9973E-05 0.268492 9.9973E-05 9.9973E-05
9.99732E-05 0.353278 0.646422 9.99732E-05 9.99732E-05
9.99821E-05 0.636936 9.99821E-05 0.212466 0.150398
0.000808089 0.215308 9.9982E-05 0.783684 9.9982E-05
0.0167788 9.9991E-05 0.0373743 0.917723 0.0280242
9.997E-05 0.9996 9.997E-05 9.997E-05 9.997E-05
0.857185 9.9982E-05 0.0580203 0.0845948 9.9982E-05
9.99729E-05 0.0971242 0.902576 9.99729E-05 9.99729E-05
0.186487 0.425135 0.128531 9.9991E-05 0.259748
9.99729E-05 0.327417 0.672283 9.99729E-05 9.99729E-05
9.99731E-05 0.651291 0.348409 9.99731E-05 9.99731E-05
0.117258 0.0925808 0.625684 9.99911E-05 0.164378
0.147113 0.108258 0.0447789 9.9991E-05 0.69975
9.9973E-05 0.500431 9.9973E-05 0.499269 9.9973E-05
9.99731E-05 0.686553 0.313147 9.99731E-05 9.99731E-05
0.010227 0.234252 0.755322 9.99819E-05 9.99819E-05
9.99729E-05 0.36717 9.99729E-05 9.99729E-05 0.63253
0.044645 0.847362 0.058222 0.0115415 0.0382293
0.742994 0.00975297 0.247053 9.9982E-05 9.9982E-05
0.9996 9.997E-05 9.997E-05 9.997E-05 9.997E-05
0.823651 9.9973E-05 0.176049 9.9973E-05 9.9973E-05
9.99729E-05 0.460667 0.539033 9.99729E-05 9.99729E-05
0.0141473 0.422219 9.9982E-05 0.563434 9.9982E-05
9.99729E-05 0.605122 0.394578 9.99729E-05 9.99729E-05
9.9982E-05 0.17986 9.9982E-05 0.357518 0.462422
9.99731E-05 0.073786 0.925914 9.99731E-05 9.99731E-05
9.997E-05 9.997E-05 0.9996 9.997E-05 9.997E-05
0.630563 9.9982E-05 9.9982E-05 0.202563 0.166674
0.829245 9.99821E-05 0.151984 9.99821E-05 0.0185712
0.762188 9.9982E-05 0.165625 9.9982E-05 0.0719867
0.9996 9.997E-05 9.997E-05 9.997E-05 9.997E-05
0.261226 9.99731E-05 0.738475 9.99731E-05 9.99731E-05
0.230095 9.9973E-05 0.769605 9.9973E-05 9.9973E-05
9.9973E-05 0.218748 9.9973E-05 0.780952 9.9973E-05
0.829488 0.0139248 0.156388 9.9982E-05 9.9982E-05
9.9991E-05 0.0943273 0.0226881 0.654182 0.228703
0.814597 9.9982E-05 0.145794 9.9982E-05 0.0394091
9.997E-05 9.997E-05 9.997E-05 0.9996 9.997E-05
9.99822E-05 0.21991 0.76329 9.99822E-05 0.0166005
0.623479 9.9982E-05 9.9982E-05 0.244615 0.131705
9.9982E-05 0.258921 9.9982E-05 0.698323 0.0425562
0.194621 9.99731E-05 0.805079 9.99731E-05 9.99731E-05
0.461615 9.9982E-05 9.9982E-05 0.247229 0.290955
0.0639706 0.866841 0.0604816 0.0086069 9.9991E-05
0.027001 9.99731E-05 9.99731E-05 9.99731E-05 0.972699
0.716297 0.00727773 0.276226 9.9982E-05 9.9982E-05
0.737929 9.99731E-05 0.261771 9.99731E-05 9.99731E-05
0.886873 9.9973E-05 9.9973E-05 0.112827 9.9973E-05
9.997E-05 9.997E-05 9.997E-05 9.997E-05 0.9996
9.99731E-05 0.911861 9.99731E-05 0.087839 9.99731E-05
0.198547 0.0329748 0.124222 9.9991E-05 0.644156
9.99731E-05 9.99731E-05 0.0320799 0.96762 9.99731E-05
9.9973E-05 0.87673 9.9973E-05 0.12297 9.9973E-05
9.99729E-05 0.116908 0.882792 9.99729E-05 9.99729E-05
9.99729E-05 0.356943 9.99729E-05 9.99729E-05 0.642757
0.0193923 9.99731E-05 0.980308 9.99731E-05 9.99731E-05
0.0969688 0.815931 0.0044741 9.9991E-05 0.0825263
0.995814 9.9973E-05 0.00388629 9.9973E-05 9.9973E-05
0.606962 0.114695 0.268359 9.9991E-05 0.00988373
9.99729E-05 0.0860257 0.913674 9.99729E-05 9.99729E-05
9.997E-05 9.997E-05 0.9996 9.997E-05 9.997E-05
0.806678 9.9973E-05 9.9973E-05 0.193022 9.9973E-05
0.727108 9.9991E-05 0.0827658 0.159626 0.0304004
0.109871 0.887221 9.99821E-05 0.00270787 9.99821E-05
0.345532 9.99819E-05 0.645029 0.00923845 9.99819E-05
9.9973E-05 0.418529 9.9973E-05 0.581171 9.9973E-05
0.989291 9.9973E-05 9.9973E-05 0.0104091 9.9973E-05
0.0940383 0.0633398 0.787089 0.0554334 9.9991E-05
9.9973E-05 0.43319 0.56651 9.9973E-05 9.9973E-05
9.99733E-05 0.809678 0.190022 9.99733E-05 9.99733E-05
9.9973E-05 0.523932 9.9973E-05 0.475768 9.9973E-05
0.65338 0.0193381 0.0492274 9.9991E-05 0.277954
0.0407153 0.104686 0.854399 9.99819E-05 9.99819E-05
9.9973E-05 0.0744078 0.925292 9.9973E-05 9.9973E-05
0.833748 9.9973E-05 0.165952 9.9973E-05 9.9973E-05
9.9973E-05 0.742461 0.257239 9.9973E-05 9.9973E-05
9.99821E-05 0.180916 0.67197 9.99821E-05 0.146914
9.9991E-05 0.128374 0.0431835 0.213331 0.615011
0.251559 9.9982E-05 9.9982E-05 0.534395 0.213847
0.252282 9.9982E-05 9.9982E-05 0.51058 0.236938
9.9991E-05 0.139683 0.681428 0.0218994 0.15689
0.235559 0.429001 0.10636 9.9991E-05 0.228979
9.9973E-05 0.265812 9.9973E-05 0.733888 9.9973E-05
0.12103 0.728009 0.0379428 0.0329022 0.080116
9.9982E-05 0.363746 0.00463793 0.631416 9.9982E-05
