9.99371E-05 9.99371E-05 9.99371E-05 9.99371E-05 9.99371E-05 0.860606 9.99371E-05 0.138694 9.99371E-05
9.99369E-05 0.339792 9.99369E-05 9.99369E-05 9.99369E-05 9.99369E-05 0.659508 9.99369E-05 9.99369E-05
0.0569752 0.525248 9.99463E-05 0.417177 9.99463E-05 9.99463E-05 9.99463E-05 9.99463E-05 9.99463E-05
0.233027 9.99553E-05 9.99553E-05 9.99553E-05 0.694206 9.99553E-05 9.99553E-05 0.00438718 0.0678798
0.0255025 0.910946 9.9946E-05 9.9946E-05 9.9946E-05 9.9946E-05 0.0629515 9.9946E-05 9.9946E-05
0.0187459 9.99461E-05 9.99461E-05 9.99461E-05 0.0192703 9.99461E-05 9.99461E-05 0.961384 9.99461E-05
9.99459E-05 0.25964 9.99459E-05 9.99459E-05 9.99459E-05 9.99459E-05 0.723719 9.99459E-05 0.0160407
0.101278 9.99729E-05 0.0254344 0.809958 0.0602202 0.00149293 9.99729E-05 0.00131579 9.99729E-05
9.99462E-05 9.99462E-05 0.0139791 9.99462E-05 9.99462E-05 0.132478 0.852943 9.99462E-05 9.99462E-05
0.328408 9.99551E-05 9.99551E-05 0.532505 0.0629748 9.99551E-05 0.0756124 9.99551E-05 9.99551E-05
9.99549E-05 9.99549E-05 9.99549E-05 9.99549E-05 9.99549E-05 0.00779363 0.96921 0.00794604 0.0145501
9.99729E-05 0.0476664 0.488323 0.00567484 9.99729E-05 0.149344 9.99729E-05 0.136907 0.171785
0.174312 9.9973E-05 9.9973E-05 0.0426384 0.0406787 0.659628 9.9973E-05 0.0504476 0.0319951
9.9991E-05 0.0317078 0.610609 0.0664659 0.0284185 0.0311596 0.113709 0.0518631 0.0659673
0.909844 9.99641E-05 0.00383465 9.99641E-05 0.0330022 0.0127697 9.99641E-05 9.99641E-05 0.0401494
9.99551E-05 9.99551E-05 0.705658 9.99551E-05 9.99551E-05 0.0539464 9.99551E-05 0.0219586 0.217937
0.0308737 0.011014 0.688271 0.0204746 9.9982E-05 0.0629067 0.101721 0.0845389 9.9982E-05
9.99368E-05 9.99368E-05 9.99368E-05 9.99368E-05 9.99368E-05 9.99368E-05 0.974013 0.0252874 9.99368E-05
0.0155004 0.257227 9.99459E-05 9.99459E-05 9.99459E-05 9.99459E-05 0.726673 9.99459E-05 9.99459E-05
9.99369E-05 0.907747 9.99369E-05 9.99369E-05 9.99369E-05 9.99369E-05 0.0915531 9.99369E-05 9.99369E-05
9.99463E-05 9.99463E-05 0.528085 9.99463E-05 9.99463E-05 9.99463E-05 0.30621 9.99463E-05 0.165105
9.993E-05 9.993E-05 9.993E-05 9.993E-05 9.993E-05 0.999201 9.993E-05 9.993E-05 9.993E-05
0.67048 0.120481 9.9964E-05 0.0241591 0.0972956 9.9964E-05 0.0871842 9.9964E-05 9.9964E-05
9.9973E-05 0.282134 9.9973E-05 0.196443 0.175013 0.113327 0.150787 0.0819969 9.9973E-05
0.266035 9.99371E-05 9.99371E-05 9.99371E-05 0.733266 9.99371E-05 9.99371E-05 9.99371E-05 9.99371E-05
9.99462E-05 9.99462E-05 0.0888317 9.99462E-05 9.99462E-05 0.110419 0.800149 9.99462E-05 9.99462E-05
0.327487 9.9946E-05 9.9946E-05 9.9946E-05 0.198387 0.473527 9.9946E-05 9.9946E-05 9.9946E-05
9.993E-05 9.993E-05 0.999201 9.993E-05 9.993E-05 9.993E-05 9.993E-05 9.993E-05 9.993E-05
9.993E-05 9.993E-05 9.993E-05 9.993E-05 9.993E-05 0.999201 9.993E-05 9.993E-05 9.993E-05
9.99548E-05 9.99548E-05 9.99548E-05 0.00332236 9.99548E-05 9.99548E-05 0.839597 0.0163841 0.140197
0.944409 9.99553E-05 0.00915561 9.99553E-05 0.034121 9.99553E-05 9.99553E-05 0.0118146 9.99553E-05
9.99369E-05 9.99369E-05 9.99369E-05 9.99369E-05 9.99369E-05 9.99369E-05 9.99369E-05 0.979135 0.0201657
9.99729E-05 0.0395132 9.99729E-05 0.0399788 9.99729E-05 0.0142369 0.802165 0.0181485 0.0856575
0.0409612 9.99552E-05 9.99552E-05 9.99552E-05 0.146027 9.99552E-05 0.0342391 0.778273 9.99552E-05
9.99459E-05 0.391892 9.99459E-05 9.99459E-05 9.99459E-05 9.99459E-05 0.498141 9.99459E-05 0.109368
0.506042 0.493258 9.99371E-05 9.99371E-05 9.99371E-05 9.99371E-05 9.99371E-05 9.99371E-05 9.99371E-05
9.9982E-05 0.121865 9.9982E-05 0.151996 0.155184 0.0823776 0.354887 0.104464 0.0290266
0.148428 0.0066996 9.99551E-05 9.99551E-05 0.228913 0.61546 9.99551E-05 9.99551E-05 9.99551E-05
9.99553E-05 9.99553E-05 0.148748 9.99553E-05 0.00987818 9.99553E-05 0.0246581 9.99553E-05 0.816216
9.996E-05 0.0357644 0.51885 9.996E-05 9.996E-05 0.0988052 9.996E-05 0.0325783 0.313603
0.0495498 9.9973E-05 0.024131 0.00174025 9.9973E-05 0.658155 9.9973E-05 0.228106 0.0380181
0.283523 9.99371E-05 9.99371E-05 9.99371E-05 0.715777 9.99371E-05 9.99371E-05 9.99371E-05 9.99371E-05
9.99642E-05 0.211803 0.037584 0.0688785 9.99642E-05 0.0290832 0.652251 9.99642E-05 9.99642E-05
0.399673 9.99458E-05 9.99458E-05 9.99458E-05 0.307235 0.292492 9.99458E-05 9.99458E-05 9.99458E-05
9.9946E-05 9.9946E-05 0.0185548 9.9946E-05 9.9946E-05 0.161237 9.9946E-05 0.819609 9.9946E-05
9.9955E-05 9.9955E-05 0.0399576 9.9955E-05 9.9955E-05 0.15907 9.9955E-05 0.779797 0.020676
9.99639E-05 0.819028 9.99639E-05 0.00272557 9.99639E-05 9.99639E-05 0.0878183 0.0710546 0.0189733
9.99372E-05 0.000918427 9.99372E-05 9.99372E-05 9.99372E-05 9.99372E-05 0.998382 9.99372E-05 9.99372E-05
9.99459E-05 0.242329 9.99459E-05 9.99459E-05 9.99459E-05 9.99459E-05 0.730502 9.99459E-05 0.0265698
9.993E-05 9.993E-05 9.993E-05 9.993E-05 9.993E-05 0.999201 9.993E-05 9.993E-05 9.993E-05
0.0514402 9.99552E-05 9.99552E-05 9.99552E-05 0.372774 0.415814 9.99552E-05 0.159472 9.99552E-05
0.00452298 0.00719121 0.611637 0.0362878 9.9982E-05 0.119567 0.113894 0.1067 9.9982E-05
9.99373E-05 9.99373E-05 0.555851 9.99373E-05 9.99373E-05 9.99373E-05 9.99373E-05 9.99373E-05 0.44345
0.787074 0.212227 9.99369E-05 9.99369E-05 9.99369E-05 9.99369E-05 9.99369E-05 9.99369E-05 9.99369E-05
0.106736 9.99729E-05 0.00682547 0.841223 0.0145273 0.0210582 9.99729E-05 0.00932962 9.99729E-05
0.309154 9.9964E-05 9.9964E-05 0.524067 0.101801 9.9964E-05 0.0384979 0.0260806 9.9964E-05
0.166528 0.403784 9.99464E-05 0.429088 9.99464E-05 9.99464E-05 9.99464E-05 9.99464E-05 9.99464E-05
0.999201 9.993E-05 9.993E-05 9.993E-05 9.993E-05 9.993E-05 9.993E-05 9.993E-05 9.993E-05
9.99729E-05 0.0746776 0.0700265 9.99729E-05 0.646452 0.112947 9.99729E-05 0.0432825 0.052314
9.99369E-05 0.928874 9.99369E-05 9.99369E-05 9.99369E-05 9.99369E-05 0.0704265 9.99369E-05 9.99369E-05
0.0275804 9.99641E-05 9.99641E-05 9.99641E-05 0.147522 0.0557467 0.0464737 0.722277 9.99641E-05
0.0483496 9.99641E-05 9.99641E-05 9.99641E-05 0.174246 0.00989027 0.0124777 0.754637 9.99641E-05
0.119816 9.9964E-05 0.0130662 9.9964E-05 0.0170343 0.842664 9.9964E-05 9.9964E-05 0.00702036
0.109174 9.9973E-05 0.0131899 9.9973E-05 0.0791878 0.344878 9.9973E-05 0.364303 0.0889675
9.99549E-05 9.99549E-05 9.99549E-05 9.99549E-05 0.92935 0.0472364 0.00691757 0.0159961 9.99549E-05
0.946718 9.99551E-05 9.99551E-05 9.99551E-05 0.0243149 0.012007 9.99551E-05 9.99551E-05 0.0164602
9.99548E-05 9.99548E-05 9.99548E-05 9.99548E-05 0.897921 0.0710655 9.99548E-05 0.00142576 0.0290878
9.993E-05 9.993E-05 9.993E-05 9.993E-05 9.993E-05 0.999201 9.993E-05 9.993E-05 9.993E-05
0.0227962 9.99459E-05 0.818662 9.99459E-05 9.99459E-05 9.99459E-05 9.99459E-05 9.99459E-05 0.157942
0.151484 9.99551E-05 9.99551E-05 9.99551E-05 0.241248 0.602916 9.99551E-05 0.00385192 9.99551E-05
0.198846 0.642743 9.99639E-05 0.0895694 9.99639E-05 9.99639E-05 9.99639E-05 0.0401526 0.0282891
9.99371E-05 9.99371E-05 9.99371E-05 9.99371E-05 9.99371E-05 0.412191 9.99371E-05 0.58711 9.99371E-05
0.103886 9.9964E-05 0.00154398 9.9964E-05 0.0246599 0.850833 9.9964E-05 9.9964E-05 0.0186773
0.979773 9.99551E-05 9.99551E-05 0.00960398 9.99551E-05 9.99551E-05 0.00763024 0.00249259 9.99551E-05
9.99639E-05 0.82761 9.99639E-05 0.0155408 9.99639E-05 9.99639E-05 0.0813036 0.0306905 0.0444552
9.9955E-05 0.478337 9.9955E-05 0.009447 9.9955E-05 9.9955E-05 0.446536 9.9955E-05 0.06518
0.764549 0.231239 9.99459E-05 9.99459E-05 9.99459E-05 0.00361185 9.99459E-05 9.99459E-05 9.99459E-05
9.99551E-05 9.99551E-05 0.284286 9.99551E-05 9.99551E-05 0.0156705 9.99551E-05 0.032603 0.666941
9.99551E-05 0.0242509 0.716945 9.99551E-05 9.99551E-05 0.0572279 0.201077 9.99551E-05 9.99551E-05
0.999201 9.993E-05 9.993E-05 9.993E-05 9.993E-05 9.993E-05 9.993E-05 9.993E-05 9.993E-05
9.99643E-05 0.228697 0.0107541 0.0539571 9.99643E-05 0.0143374 0.691855 9.99643E-05 9.99643E-05
0.018511 0.126758 9.9991E-05 0.179802 0.122882 0.115212 0.332034 0.0799288 0.0247723
9.99639E-05 9.99639E-05 0.0392246 0.0137318 9.99639E-05 0.104271 0.154273 9.99639E-05 0.6881
0.426562 9.99458E-05 9.99458E-05 9.99458E-05 0.27166 0.301179 9.99458E-05 9.99458E-05 9.99458E-05
0.297086 9.9937E-05 9.9937E-05 9.9937E-05 0.702215 9.9937E-05 9.9937E-05 9.9937E-05 9.9937E-05
9.99551E-05 9.99551E-05 0.426087 0.00588795 0.037593 9.99551E-05 9.99551E-05 9.99551E-05 0.529932
9.993E-05 9.993E-05 9.993E-05 9.993E-05 9.993E-05 0.999201 9.993E-05 9.993E-05 9.993E-05
0.663534 9.9946E-05 9.9946E-05 9.9946E-05 0.210834 0.125032 9.9946E-05 9.9946E-05 9.9946E-05
0.18678 9.99551E-05 0.00927738 0.0665656 0.736878 9.99551E-05 9.99551E-05 9.99551E-05 9.99551E-05
0.155355 0.00692548 9.99551E-05 0.107612 0.729608 9.99551E-05 9.99551E-05 9.99551E-05 9.99551E-05
9.993E-05 9.993E-05 9.993E-05 9.993E-05 9.993E-05 0.999201 9.993E-05 9.993E-05 9.993E-05
0.655775 0.310941 0.00570589 0.0270785 9.9955E-05 9.9955E-05 9.9955E-05 9.9955E-05 9.9955E-05
9.99369E-05 0.941161 9.99369E-05 9.99369E-05 9.99369E-05 9.99369E-05 0.0581396 9.99369E-05 9.99369E-05
0.999201 9.993E-05 9.993E-05 9.993E-05 9.993E-05 9.993E-05 9.993E-05 9.993E-05 9.993E-05
9.9955E-05 9.9955E-05 0.906375 0.00720516 9.9955E-05 0.0135938 9.9955E-05 0.0723266 9.9955E-05
9.9991E-05 0.262446 0.00950234 0.193013 0.214751 0.167642 0.126927 0.0228204 0.00279836
9.9973E-05 0.0840116 9.9973E-05 9.9973E-05 0.683466 0.126409 0.0226596 0.0664051 0.0167485
9.993E-05 0.999201 9.993E-05 9.993E-05 9.993E-05 9.993E-05 9.993E-05 9.993E-05 9.993E-05
9.99371E-05 9.99371E-05 9.99371E-05 9.99371E-05 9.99371E-05 9.99371E-05 0.131031 9.99371E-05 0.86827
0.854442 9.99462E-05 9.99462E-05 9.99462E-05 0.124855 0.0201029 9.99462E-05 9.99462E-05 9.99462E-05
9.99459E-05 9.99459E-05 9.99459E-05 0.0322783 9.99459E-05 9.99459E-05 0.819079 9.99459E-05 0.148043
9.993E-05 9.993E-05 0.999201 9.993E-05 9.993E-05 9.993E-05 9.993E-05 9.993E-05 9.993E-05
9.993E-05 9.993E-05 9.993E-05 0.999201 9.993E-05 9.993E-05 9.993E-05 9.993E-05 9.993E-05
0.0439343 9.99641E-05 0.0181511 9.99641E-05 0.219716 0.706911 9.99641E-05 0.0108872 9.99641E-05
0.60306 9.99459E-05 9.99459E-05 9.99459E-05 0.286851 0.109489 9.99459E-05 9.99459E-05 9.99459E-05
0.310858 0.645072 9.9946E-05 0.0434712 9.9946E-05 9.9946E-05 9.9946E-05 9.9946E-05 9.9946E-05
9.993E-05 9.993E-05 9.993E-05 9.993E-05 9.993E-05 9.993E-05 9.993E-05 9.993E-05 0.999201
0.219743 0.23476 9.99552E-05 0.539526 9.99552E-05 0.00547145 9.99552E-05 9.99552E-05 9.99552E-05
9.99461E-05 9.99461E-05 9.99461E-05 9.99461E-05 9.99461E-05 0.822376 9.99461E-05 0.160974 0.0160498
0.015087 0.00258126 0.129901 0.12673 9.9991E-05 0.0604675 0.0362546 0.579616 0.0492621
9.99374E-05 9.99374E-05 0.102577 9.99374E-05 9.99374E-05 9.99374E-05 9.99374E-05 0.896723 9.99374E-05
9.99462E-05 9.99462E-05 9.99462E-05 0.00592608 0.0368467 9.99462E-05 9.99462E-05 0.956628 9.99462E-05
9.99372E-05 0.998041 9.99372E-05 9.99372E-05 9.99372E-05 9.99372E-05 0.00125899 9.99372E-05 9.99372E-05
9.993E-05 9.993E-05 9.993E-05 0.999201 9.993E-05 9.993E-05 9.993E-05 9.993E-05 9.993E-05
9.99458E-05 9.99458E-05 9.99458E-05 9.99458E-05 0.864883 0.0481308 9.99458E-05 0.0863866 9.99458E-05
9.9937E-05 9.9937E-05 9.9937E-05 9.9937E-05 9.9937E-05 9.9937E-05 9.9937E-05 0.981429 0.0178715
9.99374E-05 9.99374E-05 0.132304 9.99374E-05 9.99374E-05 9.99374E-05 0.866996 9.99374E-05 9.99374E-05
0.055599 0.579773 9.99464E-05 0.364029 9.99464E-05 9.99464E-05 9.99464E-05 9.99464E-05 9.99464E-05
0.726659 0.229469 9.99549E-05 0.0369024 9.99549E-05 0.00647037 9.99549E-05 9.99549E-05 9.99549E-05
0.849282 9.99551E-05 9.99551E-05 9.99551E-05 0.0753309 0.0725418 9.99551E-05 9.99551E-05 0.00234607
9.99369E-05 0.904734 9.99369E-05 9.99369E-05 9.99369E-05 9.99369E-05 0.0945668 9.99369E-05 9.99369E-05
0.0474636 9.99731E-05 0.0493449 0.00220525 9.99731E-05 0.693877 9.99731E-05 0.176465 0.0303451
9.993E-05 9.993E-05 9.993E-05 9.993E-05 9.993E-05 9.993E-05 9.993E-05 9.993E-05 0.999201
0.00145288 0.161227 9.9991E-05 0.165732 0.094728 0.0743462 0.352497 0.142307 0.00761038
9.99639E-05 9.99639E-05 0.183537 0.00167358 9.99639E-05 9.99639E-05 0.641719 0.0154295 0.157241
9.993E-05 9.993E-05 9.993E-05 9.993E-05 9.993E-05 9.993E-05 0.999201 9.993E-05 9.993E-05
9.99643E-05 0.0388134 0.456575 9.99643E-05 0.144326 9.99643E-05 0.197149 0.162736 9.99643E-05
9.9982E-05 0.0726097 0.00226139 0.18252 0.549011 0.0869168 9.9982E-05 0.0324821 0.0739991
0.362885 0.613614 9.9946E-05 0.0229018 9.9946E-05 9.9946E-05 9.9946E-05 9.9946E-05 9.9946E-05
9.99371E-05 0.0254197 9.99371E-05 9.99371E-05 9.99371E-05 9.99371E-05 0.973881 9.99371E-05 9.99371E-05
9.99459E-05 9.99459E-05 9.99459E-05 9.99459E-05 9.99459E-05 0.0303506 0.265385 9.99459E-05 0.703665
9.993E-05 9.993E-05 9.993E-05 0.999201 9.993E-05 9.993E-05 9.993E-05 9.993E-05 9.993E-05
9.99731E-05 0.666035 0.0556286 0.0612081 9.99731E-05 0.0287615 0.186628 9.99731E-05 0.00143794
9.9937E-05 9.9937E-05 0.0170495 9.9937E-05 9.9937E-05 9.9937E-05 9.9937E-05 0.982251 9.9937E-05
9.9937E-05 9.9937E-05 9.9937E-05 9.9937E-05 9.9937E-05 0.427018 9.9937E-05 0.572283 9.9937E-05
9.9946E-05 9.9946E-05 0.0460648 9.9946E-05 9.9946E-05 0.130177 9.9946E-05 0.823159 9.9946E-05
9.9964E-05 0.0130787 0.0310223 0.00712998 9.9964E-05 9.9964E-05 0.689873 9.9964E-05 0.258496
0.478324 0.490884 0.0144435 9.9955E-05 9.9955E-05 9.9955E-05 9.9955E-05 0.0158485 9.9955E-05
9.99369E-05 9.99369E-05 9.99369E-05 9.99369E-05 9.99369E-05 0.0221725 0.977128 9.99369E-05 9.99369E-05
0.33273 9.9955E-05 9.9955E-05 0.560404 0.0471614 9.9955E-05 0.0592051 9.9955E-05 9.9955E-05
9.994E-05 9.994E-05 0.412967 9.994E-05 9.994E-05 9.994E-05 0.350946 9.994E-05 0.235487
9.9937E-05 9.9937E-05 0.910175 9.9937E-05 9.9937E-05 9.9937E-05 9.9937E-05 9.9937E-05 0.0891257
0.0890607 9.99551E-05 9.99551E-05 9.99551E-05 0.312502 0.562835 9.99551E-05 0.0351032 9.99551E-05
9.99371E-05 9.99371E-05 9.99371E-05 9.99371E-05 0.0492305 9.99371E-05 9.99371E-05 0.95007 9.99371E-05
0.00246148 9.99551E-05 9.99551E-05 0.00301983 0.0734483 9.99551E-05 9.99551E-05 0.920571 9.99551E-05
9.9937E-05 9.9937E-05 9.9937E-05 9.9937E-05 9.9937E-05 0.387127 9.9937E-05 0.612173 9.9937E-05
9.9937E-05 9.9937E-05 0.830552 9.9937E-05 9.9937E-05 9.9937E-05 9.9937E-05 0.168748 9.9937E-05
9.99549E-05 9.99549E-05 0.883368 9.99549E-05 9.99549E-05 0.0214015 9.99549E-05 0.0938569 0.000873673
0.681533 0.285912 0.0118285 0.0202266 9.99549E-05 9.99549E-05 9.99549E-05 9.99549E-05 9.99549E-05
9.9955E-05 9.9955E-05 0.0543863 0.00170257 9.9955E-05 0.114222 9.9955E-05 0.82919 9.9955E-05
0.625537 0.0911431 9.99731E-05 0.0463102 0.183672 9.99731E-05 0.0251422 9.99731E-05 0.0278962
9.9946E-05 9.9946E-05 9.9946E-05 9.9946E-05 0.0650993 0.002734 9.9946E-05 0.931567 9.9946E-05
0.999201 9.993E-05 9.993E-05 9.993E-05 9.993E-05 9.993E-05 9.993E-05 9.993E-05 9.993E-05
9.99377E-05 9.99377E-05 0.368546 9.99377E-05 9.99377E-05 9.99377E-05 0.630754 9.99377E-05 9.99377E-05
0.13073 9.9955E-05 9.9955E-05 9.9955E-05 0.267754 0.58085 9.9955E-05 0.0201662 9.9955E-05
0.626874 0.290186 9.99461E-05 0.0823397 9.99461E-05 9.99461E-05 9.99461E-05 9.99461E-05 9.99461E-05
9.99641E-05 0.00340319 0.735596 9.99641E-05 9.99641E-05 0.0226238 9.99641E-05 0.0902685 0.147709
0.1727 9.9964E-05 9.9964E-05 0.049085 0.328647 0.445388 9.9964E-05 0.00377968 9.9964E-05
9.99731E-05 0.700959 0.0302662 0.0387046 9.99731E-05 9.99731E-05 0.171823 0.0485478 0.00939983
9.99371E-05 9.99371E-05 9.99371E-05 9.99371E-05 0.987402 9.99371E-05 0.0118986 9.99371E-05 9.99371E-05
9.99459E-05 9.99459E-05 0.00595188 9.99459E-05 9.99459E-05 9.99459E-05 9.99459E-05 0.96925 0.0241983
9.9955E-05 9.9955E-05 0.00795587 9.9955E-05 0.0318624 9.9955E-05 9.9955E-05 0.942095 0.0175871
0.0479865 9.99552E-05 9.99552E-05 9.99552E-05 9.99552E-05 0.833056 9.99552E-05 0.0648845 0.0535727
9.99375E-05 9.99375E-05 9.99375E-05 0.0533743 0.945926 9.99375E-05 9.99375E-05 9.99375E-05 9.99375E-05
9.993E-05 0.999201 9.993E-05 9.993E-05 9.993E-05 9.993E-05 9.993E-05 9.993E-05 9.993E-05
9.99819E-05 0.0841247 0.0726153 0.0100279 0.597947 0.150842 9.99819E-05 0.0309482 0.0532949
0.916294 9.99641E-05 0.0079046 9.99641E-05 0.0589564 0.0105452 9.99641E-05 9.99641E-05 0.00590038
9.993E-05 0.999201 9.993E-05 9.993E-05 9.993E-05 9.993E-05 9.993E-05 9.993E-05 9.993E-05
9.993E-05 9.993E-05 9.993E-05 9.993E-05 9.993E-05 9.993E-05 9.993E-05 9.993E-05 0.999201
9.993E-05 9.993E-05 9.993E-05 0.999201 9.993E-05 9.993E-05 9.993E-05 9.993E-05 9.993E-05
9.993E-05 9.993E-05 0.999201 9.993E-05 9.993E-05 9.993E-05 9.993E-05 9.993E-05 9.993E-05
9.9955E-05 0.522856 9.9955E-05 0.254795 9.9955E-05 0.0183861 0.203464 9.9955E-05 9.9955E-05
9.9937E-05 9.9937E-05 9.9937E-05 9.9937E-05 9.9937E-05 0.377189 9.9937E-05 0.622111 9.9937E-05
9.9982E-05 0.0417221 0.120844 0.110865 9.9982E-05 0.131083 0.0166111 0.548838 0.0298364
9.993E-05 9.993E-05 9.993E-05 9.993E-05 9.993E-05 9.993E-05 9.993E-05 9.993E-05 0.999201
9.99373E-05 9.99373E-05 0.0368416 9.99373E-05 9.99373E-05 9.99373E-05 9.99373E-05 9.99373E-05 0.962459
0.113447 9.99551E-05 0.0223869 0.0145153 9.99551E-05 0.849151 9.99551E-05 9.99551E-05 9.99551E-05
0.110998 9.9973E-05 0.00708685 9.9973E-05 0.0966171 0.377445 9.9973E-05 0.37918 0.0283736
9.99731E-05 0.739422 0.0381722 0.0229911 9.99731E-05 0.0741408 0.101213 0.023761 9.99731E-05
9.99729E-05 0.0380531 0.460969 0.00459345 9.99729E-05 0.131387 9.99729E-05 0.211007 0.153691
0.467566 0.520267 0.00334193 9.9955E-05 9.9955E-05 9.9955E-05 9.9955E-05 0.0083258 9.9955E-05
9.993E-05 9.993E-05 9.993E-05 9.993E-05 9.993E-05 0.999201 9.993E-05 9.993E-05 9.993E-05
0.0316089 9.9973E-05 0.612226 9.9973E-05 9.9973E-05 0.0273928 0.210344 0.0587428 0.0593852
9.99461E-05 9.99461E-05 0.0963414 9.99461E-05 9.99461E-05 9.99461E-05 0.819007 9.99461E-05 0.084052
9.99465E-05 0.274338 9.99465E-05 0.0565846 9.99465E-05 9.99465E-05 0.668477 9.99465E-05 9.99465E-05
0.347706 0.625216 9.99459E-05 0.0264779 9.99459E-05 9.99459E-05 9.99459E-05 9.99459E-05 9.99459E-05
0.0392315 9.99551E-05 9.99551E-05 9.99551E-05 0.221016 0.00877519 9.99551E-05 0.730477 9.99551E-05
9.9955E-05 9.9955E-05 9.9955E-05 9.9955E-05 9.9955E-05 0.00598195 0.0207998 0.0395958 0.933123
9.99371E-05 0.0117156 9.99371E-05 9.99371E-05 9.99371E-05 9.99371E-05 9.99371E-05 9.99371E-05 0.987585
9.99461E-05 9.99461E-05 0.0479964 9.99461E-05 9.99461E-05 0.187738 9.99461E-05 0.763666 9.99461E-05
9.99372E-05 0.13591 9.99372E-05 9.99372E-05 9.99372E-05 9.99372E-05 0.86339 9.99372E-05 9.99372E-05
0.0296075 9.99551E-05 0.433649 9.99551E-05 0.0900989 9.99551E-05 0.446145 9.99551E-05 9.99551E-05
0.15563 9.99639E-05 0.0259349 0.805724 0.0099832 0.00232845 9.99639E-05 9.99639E-05 9.99639E-05
0.421964 9.99459E-05 9.99459E-05 9.99459E-05 0.262027 0.31541 9.99459E-05 9.99459E-05 9.99459E-05
0.403966 9.99458E-05 9.99458E-05 9.99458E-05 0.290849 0.304585 9.99458E-05 9.99458E-05 9.99458E-05
0.0565688 9.99641E-05 0.393228 9.99641E-05 0.0896923 0.0230935 0.437018 9.99641E-05 9.99641E-05
0.0272322 0.190591 9.9982E-05 0.101254 0.109045 0.127301 0.341669 0.102709 9.9982E-05
0.642203 0.32518 0.0100389 0.00872624 9.9964E-05 9.9964E-05 9.9964E-05 9.9964E-05 0.0134516
9.9973E-05 0.475439 9.9973E-05 0.231396 9.9973E-05 0.0241686 0.176126 0.0522254 0.0403452
0.507454 0.46533 9.99549E-05 9.99549E-05 9.99549E-05 9.99549E-05 9.99549E-05 0.000483629 0.0262325
