0.874602 9.9955E-05 9.9955E-05 0.124898 9.9955E-05 9.9955E-05 9.9955E-05
9.99549E-05 9.99549E-05 9.99549E-05 9.99549E-05 0.688457 0.311043 9.99549E-05
9.99642E-05 0.197689 9.99642E-05 9.99642E-05 9.99642E-05 0.696298 0.105613
9.99732E-05 0.60452 0.0239801 0.0365049 9.99732E-05 9.99732E-05 0.334695
9.9955E-05 9.9955E-05 9.9955E-05 9.9955E-05 0.0422878 0.957212 9.9955E-05
9.99641E-05 0.00431493 9.99641E-05 0.980123 9.99641E-05 9.99641E-05 0.0151623
9.9955E-05 9.9955E-05 9.9955E-05 9.9955E-05 0.768984 0.230516 9.9955E-05
9.99819E-05 0.591978 0.028756 9.99819E-05 0.0177311 0.167184 0.194151
0.118908 0.0261401 0.00525521 9.99731E-05 0.849396 9.99731E-05 9.99731E-05
9.9973E-05 0.441442 9.9973E-05 9.9973E-05 0.0695962 0.104842 0.38382
0.0312823 9.99549E-05 9.99549E-05 9.99549E-05 0.968218 9.99549E-05 9.99549E-05
0.157432 9.99819E-05 0.65007 0.14508 9.99819E-05 0.0451107 0.00210722
0.608338 0.026302 0.0170035 0.104325 0.0221212 9.9991E-05 0.22181
0.0691678 0.0517268 0.641209 0.0834718 0.0308997 0.117931 0.00559302
0.0210857 9.9964E-05 0.0358379 9.9964E-05 9.9964E-05 9.9964E-05 0.942677
0.064946 9.99641E-05 0.88802 0.0466341 9.99641E-05 9.99641E-05 9.99641E-05
0.0855551 0.00853886 0.662658 0.123832 0.0177395 0.0611335 0.0405434
9.99549E-05 9.99549E-05 9.99549E-05 0.041304 0.958196 9.99549E-05 9.99549E-05
9.99549E-05 9.99549E-05 9.99549E-05 9.99549E-05 0.744819 0.254682 9.99549E-05
9.99549E-05 9.99549E-05 9.99549E-05 9.99549E-05 0.0842616 0.915239 9.99549E-05
9.99554E-05 9.99554E-05 0.65748 9.99554E-05 0.34202 9.99554E-05 9.99554E-05
0.9994 9.995E-05 9.995E-05 9.995E-05 9.995E-05 9.995E-05 9.995E-05
9.9982E-05 0.0902801 0.00270487 9.9982E-05 0.0625474 0.159208 0.68506
0.114868 0.356204 9.9982E-05 0.07102 0.133179 0.324529 9.9982E-05
9.99552E-05 0.64604 9.99552E-05 9.99552E-05 9.99552E-05 9.99552E-05 0.35346
0.115775 0.0359493 0.115008 9.99731E-05 0.732967 9.99731E-05 9.99731E-05
0.4661 0.126132 9.9964E-05 9.9964E-05 9.9964E-05 9.9964E-05 0.407368
9.995E-05 9.995E-05 0.9994 9.995E-05 9.995E-05 9.995E-05 9.995E-05
0.9994 9.995E-05 9.995E-05 9.995E-05 9.995E-05 9.995E-05 9.995E-05
9.99729E-05 0.00367726 0.0494968 0.0345486 0.911977 9.99729E-05 9.99729E-05
0.00232655 9.99731E-05 0.0216862 0.00661737 9.99731E-05 9.99731E-05 0.96907
9.99549E-05 9.99549E-05 0.0418253 0.957675 9.99549E-05 9.99549E-05 9.99549E-05
0.0158962 9.99819E-05 0.0351915 0.0390382 0.877633 0.0320412 9.99819E-05
9.99731E-05 0.101841 9.99731E-05 0.801703 0.0301375 9.99731E-05 0.0660188
9.99549E-05 9.99549E-05 9.99549E-05 9.99549E-05 0.620536 0.378964 9.99549E-05
9.99551E-05 9.99551E-05 9.99551E-05 9.99551E-05 9.99551E-05 0.503161 0.496339
0.1156 0.316928 0.00534159 0.0841005 0.324297 0.153633 9.9991E-05
0.630854 0.0938435 9.9982E-05 0.0210166 9.9982E-05 0.00139463 0.252691
9.99551E-05 9.99551E-05 0.742479 9.99551E-05 0.257022 9.99551E-05 9.99551E-05
0.107397 9.99729E-05 0.812392 0.036914 9.99729E-05 0.0429969 9.99729E-05
0.647724 9.9982E-05 0.0469767 0.227457 9.9982E-05 0.0124068 0.0652353
9.99641E-05 0.563238 9.99641E-05 0.0195867 9.99641E-05 9.99641E-05 0.416775
0.0602555 9.99643E-05 9.99643E-05 9.99643E-05 0.683813 0.255532 9.99643E-05
0.309596 0.21981 9.99639E-05 9.99639E-05 9.99639E-05 9.99639E-05 0.470194
0.232489 9.9964E-05 0.0431627 0.723948 9.9964E-05 9.9964E-05 9.9964E-05
0.252314 9.9964E-05 0.0742537 0.673033 9.9964E-05 9.9964E-05 9.9964E-05
9.99639E-05 9.99639E-05 9.99639E-05 0.0511535 0.0988922 0.849554 9.99639E-05
9.995E-05 9.995E-05 9.995E-05 9.995E-05 0.9994 9.995E-05 9.995E-05
9.99549E-05 9.99549E-05 9.99549E-05 9.99549E-05 0.771134 0.228366 9.99549E-05
0.9994 9.995E-05 9.995E-05 9.995E-05 9.995E-05 9.995E-05 9.995E-05
0.42001 0.261213 9.99732E-05 0.212657 9.99732E-05 9.99732E-05 0.10582
0.153234 9.9991E-05 0.604699 0.110777 0.0618738 0.0597604 0.0095555
9.99552E-05 9.99552E-05 0.986054 9.99552E-05 0.013446 9.99552E-05 9.99552E-05
9.99549E-05 9.99549E-05 9.99549E-05 9.99549E-05 9.99549E-05 0.240782 0.758718
9.99729E-05 0.659851 0.00621057 9.99729E-05 9.99729E-05 0.168631 0.165007
9.9973E-05 0.438623 9.9973E-05 9.9973E-05 0.0823772 0.10379 0.37491
9.99732E-05 0.164928 9.99732E-05 9.99732E-05 0.00986873 0.633381 0.191522
9.995E-05 9.995E-05 9.995E-05 9.995E-05 9.995E-05 9.995E-05 0.9994
0.121515 0.664871 0.113494 0.0521712 9.9982E-05 0.0477491 9.9982E-05
9.99549E-05 9.99549E-05 9.99549E-05 9.99549E-05 0.089516 0.909984 9.99549E-05
0.0335338 0.136936 9.99821E-05 0.756604 0.0311348 9.99821E-05 0.0415911
0.00420433 0.141301 9.99821E-05 0.781876 0.0120609 9.99821E-05 0.0603579
0.811119 9.9964E-05 0.0235728 9.9964E-05 9.9964E-05 9.9964E-05 0.164909
0.364178 9.9982E-05 0.0779704 0.398513 0.0121717 9.9982E-05 0.146968
0.05192 0.904953 9.9964E-05 0.0427275 9.9964E-05 9.9964E-05 9.9964E-05
0.0344514 9.99641E-05 0.00629583 9.99641E-05 9.99641E-05 9.99641E-05 0.958853
0.0711909 0.886652 9.99639E-05 0.0417568 9.99639E-05 9.99639E-05 9.99639E-05
0.9994 9.995E-05 9.995E-05 9.995E-05 9.995E-05 9.995E-05 9.995E-05
0.0350622 9.9964E-05 0.961022 9.9964E-05 9.9964E-05 9.9964E-05 0.00351586
0.600804 0.130892 9.99731E-05 0.0481404 9.99731E-05 9.99731E-05 0.219863
9.99729E-05 9.99729E-05 0.0172505 0.0582795 9.99729E-05 0.734148 0.190022
0.4628 9.9955E-05 9.9955E-05 0.5367 9.9955E-05 9.9955E-05 9.9955E-05
0.799869 9.9973E-05 0.0370016 0.0195352 9.9973E-05 9.9973E-05 0.143294
9.9955E-05 9.9955E-05 9.9955E-05 9.9955E-05 0.0207154 9.9955E-05 0.978785
9.99639E-05 9.99639E-05 9.99639E-05 0.0218983 0.0989181 0.878784 9.99639E-05
0.00155909 9.9973E-05 0.0402702 9.9973E-05 0.461032 0.496839 9.9973E-05
0.00406031 9.99639E-05 9.99639E-05 9.99639E-05 9.99639E-05 0.251456 0.744084
0.0354838 9.9973E-05 0.808156 0.04281 0.11325 9.9973E-05 9.9973E-05
0.0739653 9.9982E-05 0.676636 0.0582614 0.141133 0.0498048 9.9982E-05
9.995E-05 9.995E-05 9.995E-05 9.995E-05 9.995E-05 9.995E-05 0.9994
0.0495225 9.99643E-05 9.99643E-05 9.99643E-05 0.651561 0.298516 9.99643E-05
0.136393 0.244486 9.9982E-05 0.102575 0.317959 0.198387 9.9982E-05
0.0845576 9.99639E-05 0.556292 9.99639E-05 0.35875 9.99639E-05 9.99639E-05
0.318078 0.180069 9.99639E-05 9.99639E-05 9.99639E-05 9.99639E-05 0.501454
9.99551E-05 0.577131 9.99551E-05 9.99551E-05 9.99551E-05 9.99551E-05 0.42237
9.9964E-05 0.047309 0.813987 9.9964E-05 0.138304 9.9964E-05 9.9964E-05
0.9994 9.995E-05 9.995E-05 9.995E-05 9.995E-05 9.995E-05 9.995E-05
0.128446 0.159309 9.9964E-05 9.9964E-05 9.9964E-05 9.9964E-05 0.711845
9.99551E-05 0.753408 9.99551E-05 9.99551E-05 9.99551E-05 9.99551E-05 0.246092
9.99641E-05 0.74134 9.99641E-05 0.00568726 9.99641E-05 9.99641E-05 0.252573
0.9994 9.995E-05 9.995E-05 9.995E-05 9.995E-05 9.995E-05 9.995E-05
9.99551E-05 9.99551E-05 9.99551E-05 9.99551E-05 9.99551E-05 0.337306 0.662194
9.9955E-05 9.9955E-05 9.9955E-05 9.9955E-05 0.103346 0.896154 9.9955E-05
9.995E-05 9.995E-05 9.995E-05 9.995E-05 9.995E-05 9.995E-05 0.9994
0.00859189 9.9964E-05 0.855615 0.135393 9.9964E-05 9.9964E-05 9.9964E-05
0.171783 0.394037 9.9982E-05 0.0374391 0.112455 0.284085 9.9982E-05
0.109871 0.645055 9.9991E-05 0.151921 0.0208695 0.0579207 0.0142634
9.995E-05 9.995E-05 9.995E-05 9.995E-05 9.995E-05 0.9994 9.995E-05
9.9955E-05 9.9955E-05 0.54789 9.9955E-05 0.45161 9.9955E-05 9.9955E-05
0.0150476 0.0439804 9.99731E-05 9.99731E-05 0.00792964 9.99731E-05 0.932742
9.99639E-05 0.00781279 0.0722552 9.99639E-05 0.919532 9.99639E-05 9.99639E-05
9.995E-05 9.995E-05 0.9994 9.995E-05 9.995E-05 9.995E-05 9.995E-05
9.99549E-05 0.638661 9.99549E-05 9.99549E-05 9.99549E-05 0.360839 9.99549E-05
0.716119 0.126958 9.99731E-05 0.0553574 9.99731E-05 9.99731E-05 0.101266
0.126538 0.205535 9.9964E-05 9.9964E-05 9.9964E-05 9.9964E-05 0.667527
9.9955E-05 9.9955E-05 9.9955E-05 9.9955E-05 9.9955E-05 0.685935 0.313565
9.99549E-05 9.99549E-05 0.72766 9.99549E-05 0.271841 9.99549E-05 9.99549E-05
0.0210864 0.307948 9.99731E-05 9.99731E-05 9.99731E-05 0.434575 0.23609
0.828654 9.99641E-05 9.99641E-05 0.168972 0.00197481 9.99641E-05 9.99641E-05
0.081647 9.9991E-05 0.175484 0.617105 0.0306422 0.0763712 0.0186503
9.99552E-05 9.99552E-05 0.0715465 0.927954 9.99552E-05 9.99552E-05 9.99552E-05
0.00469315 0.0260796 9.99641E-05 0.968827 9.99641E-05 9.99641E-05 9.99641E-05
9.99551E-05 9.99551E-05 9.99551E-05 9.99551E-05 0.0423556 0.957145 9.99551E-05
9.99639E-05 0.63398 9.99639E-05 9.99639E-05 0.00489058 0.36073 9.99639E-05
0.0132946 0.882334 9.99639E-05 0.103971 9.99639E-05 9.99639E-05 9.99639E-05
9.995E-05 9.995E-05 9.995E-05 0.9994 9.995E-05 9.995E-05 9.995E-05
9.99553E-05 9.99553E-05 0.0942443 9.99553E-05 0.905256 9.99553E-05 9.99553E-05
9.99642E-05 0.125729 9.99642E-05 9.99642E-05 9.99642E-05 0.791736 0.0821357
0.013672 9.99639E-05 9.99639E-05 9.99639E-05 9.99639E-05 0.28797 0.697958
0.0627549 0.0102247 0.0343792 9.99731E-05 9.99731E-05 9.99731E-05 0.892341
9.99549E-05 9.99549E-05 9.99549E-05 9.99549E-05 0.122161 0.87734 9.99549E-05
0.69427 9.99731E-05 0.0570159 0.185664 9.99731E-05 9.99731E-05 0.0627501
0.00411392 9.99639E-05 0.655442 9.99639E-05 0.340044 9.99639E-05 9.99639E-05
0.111797 0.341533 0.00796363 0.0545925 0.323212 0.160803 9.9991E-05
9.99639E-05 9.99639E-05 0.31831 0.00801074 0.673279 9.99639E-05 9.99639E-05
9.995E-05 9.995E-05 9.995E-05 9.995E-05 0.9994 9.995E-05 9.995E-05
9.99822E-05 0.167854 0.443205 0.190904 0.177986 0.0198514 9.99822E-05
0.0472736 0.714468 0.0710936 0.0622487 9.9991E-05 0.0989238 0.00589188
9.9955E-05 9.9955E-05 9.9955E-05 9.9955E-05 9.9955E-05 0.651101 0.348399
9.995E-05 9.995E-05 9.995E-05 9.995E-05 0.9994 9.995E-05 9.995E-05
0.0114716 9.99729E-05 0.396574 0.0676822 0.523972 9.99729E-05 9.99729E-05
9.99639E-05 0.594532 0.00290412 9.99639E-05 9.99639E-05 0.402164 9.99639E-05
0.0420128 9.99821E-05 0.0303918 0.0116732 0.179222 0.7365 9.99821E-05
9.99549E-05 9.99549E-05 0.0115086 0.987992 9.99549E-05 9.99549E-05 9.99549E-05
0.46757 9.9955E-05 9.9955E-05 0.53193 9.9955E-05 9.9955E-05 9.9955E-05
0.193311 9.9964E-05 0.0751718 0.731117 9.9964E-05 9.9964E-05 9.9964E-05
9.99639E-05 9.99639E-05 0.176217 9.99639E-05 0.809639 0.0137433 9.99639E-05
9.99639E-05 9.99639E-05 9.99639E-05 0.0345239 9.99639E-05 0.525442 0.439634
0.0257765 9.9955E-05 9.9955E-05 9.9955E-05 0.973724 9.9955E-05 9.9955E-05
9.99729E-05 0.43546 9.99729E-05 9.99729E-05 0.0922008 0.114233 0.357806
9.99552E-05 9.99552E-05 0.617352 9.99552E-05 0.382148 9.99552E-05 9.99552E-05
9.995E-05 9.995E-05 0.9994 9.995E-05 9.995E-05 9.995E-05 9.995E-05
0.578156 0.1411 9.99731E-05 0.101802 9.99731E-05 9.99731E-05 0.178642
0.0204158 0.0150735 9.99641E-05 0.964111 9.99641E-05 9.99641E-05 9.99641E-05
9.9964E-05 0.0299867 9.9964E-05 0.957894 9.9964E-05 9.9964E-05 0.0117191
0.426685 9.9955E-05 9.9955E-05 0.572815 9.9955E-05 9.9955E-05 9.9955E-05
0.0112533 9.99641E-05 0.803698 0.184649 9.99641E-05 9.99641E-05 9.99641E-05
0.0353659 9.99639E-05 0.828606 0.135628 9.99639E-05 9.99639E-05 9.99639E-05
9.99639E-05 9.99639E-05 0.00602774 9.99639E-05 9.99639E-05 0.31994 0.673632
0.173553 9.9964E-05 0.0576534 0.768394 9.9964E-05 9.9964E-05 9.9964E-05
9.99821E-05 0.155495 0.00638492 9.99821E-05 0.0476132 0.092681 0.697626
0.0153123 0.037072 9.9964E-05 0.947216 9.9964E-05 9.9964E-05 9.9964E-05
9.995E-05 9.995E-05 9.995E-05 9.995E-05 9.995E-05 9.995E-05 0.9994
9.99645E-05 0.0090034 0.373156 9.99645E-05 0.61744 9.99645E-05 9.99645E-05
0.593238 0.130399 9.99731E-05 0.0682584 9.99731E-05 9.99731E-05 0.207804
9.99641E-05 0.00742075 9.99641E-05 9.99641E-05 9.99641E-05 0.333375 0.658804
0.0565665 9.99641E-05 0.913801 0.0292326 9.99641E-05 9.99641E-05 9.99641E-05
0.45781 0.286175 9.9973E-05 0.051838 9.9973E-05 9.9973E-05 0.203877
0.0238291 9.99731E-05 0.0724233 9.99731E-05 0.166903 0.736545 9.99731E-05
9.99641E-05 0.97882 0.0014701 0.0193096 9.99641E-05 9.99641E-05 9.99641E-05
9.99549E-05 9.99549E-05 0.0278741 0.971626 9.99549E-05 9.99549E-05 9.99549E-05
9.9955E-05 9.9955E-05 0.0330463 0.966454 9.9955E-05 9.9955E-05 9.9955E-05
0.848609 9.99731E-05 9.99731E-05 0.0890714 0.0071645 9.99731E-05 0.0548555
9.995E-05 0.9994 9.995E-05 9.995E-05 9.995E-05 9.995E-05 9.995E-05
9.995E-05 9.995E-05 9.995E-05 9.995E-05 9.995E-05 0.9994 9.995E-05
0.138622 0.599211 0.0794566 0.101529 9.9982E-05 0.0809812 9.9982E-05
9.99551E-05 9.99551E-05 0.0376334 9.99551E-05 9.99551E-05 9.99551E-05 0.961867
9.995E-05 9.995E-05 9.995E-05 9.995E-05 9.995E-05 0.9994 9.995E-05
9.99639E-05 9.99639E-05 0.656793 9.99639E-05 0.338236 0.00457095 9.99639E-05
9.99639E-05 0.621444 0.0122724 9.99639E-05 9.99639E-05 0.365884 9.99639E-05
9.995E-05 9.995E-05 0.9994 9.995E-05 9.995E-05 9.995E-05 9.995E-05
0.0643396 0.0414027 9.9973E-05 9.9973E-05 0.221112 0.672846 9.9973E-05
0.447947 9.9955E-05 9.9955E-05 0.551553 9.9955E-05 9.9955E-05 9.9955E-05
0.0962202 9.99731E-05 0.182096 0.613864 9.99731E-05 0.10752 9.99731E-05
9.99548E-05 9.99548E-05 0.660671 9.99548E-05 0.338829 9.99548E-05 9.99548E-05
9.9955E-05 9.9955E-05 0.788533 9.9955E-05 0.210967 9.9955E-05 9.9955E-05
0.821643 9.9973E-05 0.0111979 0.0383907 9.9973E-05 9.9973E-05 0.128469
0.366916 9.9973E-05 0.0432692 0.415068 9.9973E-05 9.9973E-05 0.174447
0.0925574 9.99731E-05 0.0268755 9.99731E-05 0.103214 0.777053 9.99731E-05
0.186286 9.99819E-05 0.672733 0.114686 9.99819E-05 0.0119386 0.0141569
9.9955E-05 9.9955E-05 9.9955E-05 9.9955E-05 9.9955E-05 0.527931 0.471569
0.9994 9.995E-05 9.995E-05 9.995E-05 9.995E-05 9.995E-05 9.995E-05
0.0554819 9.9991E-05 0.643825 0.0642918 0.175789 0.0365275 0.0239842
9.99551E-05 9.99551E-05 0.166986 9.99551E-05 0.832514 9.99551E-05 9.99551E-05
9.99554E-05 9.99554E-05 9.99554E-05 9.99554E-05 0.657952 0.341548 9.99554E-05
9.99549E-05 9.99549E-05 9.99549E-05 9.99549E-05 9.99549E-05 0.668926 0.330574
0.00169455 0.169946 9.99731E-05 0.752515 9.99731E-05 9.99731E-05 0.0755447
0.0253782 9.99729E-05 0.617147 0.0300789 0.327096 9.99729E-05 9.99729E-05
9.99549E-05 9.99549E-05 0.735674 9.99549E-05 0.263826 9.99549E-05 9.99549E-05
0.212426 9.99641E-05 0.0839869 0.703187 9.99641E-05 9.99641E-05 9.99641E-05
9.99551E-05 9.99551E-05 9.99551E-05 9.99551E-05 0.878018 0.121482 9.99551E-05
0.0456917 0.141433 0.425034 9.99731E-05 0.387541 9.99731E-05 9.99731E-05
9.99729E-05 0.56602 0.0730152 9.99729E-05 9.99729E-05 0.146918 0.213747
0.332546 0.181292 9.99639E-05 9.99639E-05 9.99639E-05 9.99639E-05 0.485762
0.284698 0.223604 9.9964E-05 9.9964E-05 9.9964E-05 9.9964E-05 0.491298
0.0404555 0.131513 0.393737 0.0139187 0.402882 9.9991E-05 0.0173932
0.151564 0.298856 0.0258473 0.0805471 0.274946 0.16814 9.9991E-05
9.9964E-05 9.9964E-05 0.0206935 9.9964E-05 9.9964E-05 0.354131 0.624776
0.0484902 0.0601385 0.0102844 0.046799 0.190839 0.643349 9.9991E-05
9.9973E-05 9.9973E-05 0.0015268 0.0057688 9.9973E-05 0.494496 0.497909
