9.9991E-05 0.0256912 0.974209
0.995765 0.00413495 9.9991E-05
0.495147 0.504753 9.9991E-05
0.0280486 0.702192 0.269759
0.696895 0.303005 9.999E-05
9.999E-05 0.0121206 0.987779
0.977899 0.022001 9.9991E-05
0.281581 0.625799 0.0926207
0.8292 9.9991E-05 0.1707
0.247848 0.729665 0.0224865
0.926797 9.9991E-05 0.0731026
0.314834 9.9991E-05 0.685066
9.9991E-05 0.350258 0.649642
0.435236 9.9991E-05 0.564664
9.9991E-05 0.934545 0.0653553
0.341538 9.9991E-05 0.658362
0.37104 9.9991E-05 0.62886
0.924896 9.9991E-05 0.0750036
0.9513 0.0486003 9.9991E-05
0.778992 0.220908 9.9991E-05
0.610031 9.99911E-05 0.389869
9.9991E-05 0.0835018 0.916398
0.166459 0.833441 9.9991E-05
0.491425 0.307581 0.200995
0.0181168 0.88549 0.0963928
0.755798 9.9991E-05 0.244102
9.9991E-05 0.580892 0.419008
0.29805 9.99911E-05 0.70185
9.9991E-05 0.0851194 0.914781
0.933456 9.9991E-05 0.0664444
9.99911E-05 0.965574 0.0343258
0.0767355 9.9991E-05 0.923165
0.920071 9.9991E-05 0.0798291
0.0405198 0.180498 0.778982
0.981935 0.0179653 9.9991E-05
0.256978 0.742922 9.9991E-05
0.547896 0.19197 0.260134
9.9991E-05 0.444618 0.555282
0.544345 9.9991E-05 0.455555
0.331304 9.9991E-05 0.668596
9.9991E-05 0.161961 0.837939
0.0330246 0.81897 0.148006
0.925863 0.0740368 9.99911E-05
9.9991E-05 0.705125 0.294775
9.999E-05 9.999E-05 0.9998
0.0436006 9.9991E-05 0.956299
0.77599 0.22391 9.9991E-05
0.9998 9.999E-05 9.999E-05
0.97481 0.0250902 9.9991E-05
9.9991E-05 0.0959824 0.903918
9.9991E-05 0.343072 0.656828
0.353853 9.9991E-05 0.646047
0.380063 9.9991E-05 0.619837
0.0717761 0.928124 9.9991E-05
0.264151 0.622833 0.113016
0.230018 0.710793 0.0591892
0.450167 0.549733 9.9991E-05
9.999E-05 0.9998 9.999E-05
0.211488 0.391961 0.396551
0.767916 0.231984 9.9991E-05
0.0623439 0.152032 0.785624
0.0439851 0.165482 0.790533
9.9991E-05 0.236209 0.763691
9.9991E-05 0.216744 0.783156
0.114017 0.503113 0.382871
9.9991E-05 0.972831 0.0270692
0.120447 0.535891 0.343662
9.9991E-05 0.0725517 0.927348
0.358631 9.9991E-05 0.641269
9.9991E-05 0.386378 0.613522
0.504789 0.495111 9.9991E-05
9.9991E-05 0.0124617 0.987438
9.9991E-05 0.236254 0.763646
9.9991E-05 0.990727 0.00917298
0.802763 0.197137 9.9991E-05
0.911588 0.0883124 9.9991E-05
0.102969 0.896931 9.9991E-05
0.424269 9.9991E-05 0.575631
0.468278 9.9991E-05 0.531622
9.999E-05 0.9998 9.999E-05
0.912672 0.0844203 0.00290743
0.538462 0.198023 0.263514
0.598179 9.99909E-05 0.401721
9.9991E-05 0.726658 0.273242
9.99911E-05 0.863243 0.136657
0.471098 9.9991E-05 0.528802
9.9991E-05 0.0584253 0.941475
9.9991E-05 0.850331 0.149569
0.0946102 0.749126 0.156263
0.107571 0.732432 0.159997
9.9991E-05 0.0563821 0.943518
0.152992 0.846908 9.9991E-05
0.812505 0.187395 9.9991E-05
9.999E-05 0.9998 9.999E-05
0.267216 9.9991E-05 0.732684
0.463307 0.327874 0.20882
0.17682 0.434147 0.389033
0.68244 0.31746 9.9991E-05
0.662788 9.9991E-05 0.337112
9.9991E-05 0.970403 0.0294975
0.923769 9.9991E-05 0.0761308
0.309023 9.99911E-05 0.690877
0.449523 0.550377 9.9991E-05
9.9991E-05 0.259132 0.740768
9.9991E-05 0.875417 0.124483
0.383864 0.616036 9.9991E-05
0.566967 9.9991E-05 0.432933
0.344188 0.64801 0.00780226
9.9991E-05 0.044198 0.955702
0.202847 0.0327346 0.764418
0.0881152 9.99911E-05 0.911785
0.017065 0.0174203 0.965515
0.807717 0.192183 9.9991E-05
0.476469 0.512724 0.010807
0.114224 0.50929 0.376486
0.053787 9.9991E-05 0.946113
0.898964 9.99911E-05 0.100936
0.494781 0.505119 9.9991E-05
0.115582 0.884318 9.9991E-05
9.9991E-05 0.92456 0.0753396
0.795903 0.203997 9.9991E-05
9.9991E-05 0.151406 0.848494
0.594676 9.9991E-05 0.405224
0.551713 0.205645 0.242642
0.754423 9.9991E-05 0.245477
0.9998 9.999E-05 9.999E-05
0.467622 0.00482256 0.527555
0.24466 0.455242 0.300098
0.346535 0.653365 9.9991E-05
0.9998 9.999E-05 9.999E-05
0.687778 9.99909E-05 0.312122
0.494801 0.505099 9.9991E-05
0.792365 0.207535 9.9991E-05
0.0714294 9.9991E-05 0.928471
9.999E-05 9.999E-05 0.9998
9.999E-05 9.999E-05 0.9998
0.875906 9.9991E-05 0.123994
0.30983 0.69007 9.9991E-05
0.94265 9.9991E-05 0.0572501
0.259634 0.713046 0.0273207
0.629551 9.9991E-05 0.370349
0.335486 9.99911E-05 0.664414
9.9991E-05 0.377963 0.621937
9.999E-05 9.999E-05 0.9998
9.9991E-05 0.0273045 0.972596
9.999E-05 9.999E-05 0.9998
0.206867 9.9991E-05 0.793033
0.234823 9.9991E-05 0.765077
0.154817 0.845083 9.9991E-05
0.019435 9.9991E-05 0.980465
0.136352 0.863548 9.9991E-05
9.9991E-05 0.0126178 0.987282
9.999E-05 0.9998 9.999E-05
0.760118 9.99911E-05 0.239782
9.9991E-05 0.408319 0.591581
0.157225 0.842675 9.9991E-05
0.288875 9.9991E-05 0.711025
9.9991E-05 0.512783 0.487117
0.804743 0.195157 9.9991E-05
0.174217 0.515058 0.310726
0.0773043 9.9991E-05 0.922596
0.0710027 9.9991E-05 0.928897
9.9991E-05 0.160785 0.839115
0.092417 0.720448 0.187135
0.714533 0.285367 9.9991E-05
0.191723 0.390624 0.417653
9.9991E-05 0.948985 0.0509154
0.688319 0.311581 9.9991E-05
0.60806 9.9991E-05 0.39184
0.474648 0.525252 9.9991E-05
0.277147 9.99911E-05 0.722753
0.775453 0.224447 9.9991E-05
9.999E-05 9.999E-05 0.9998
0.189291 0.0383863 0.772323
0.60514 9.9991E-05 0.39476
0.561501 9.9991E-05 0.438399
9.9991E-05 0.232763 0.767137
9.9991E-05 0.240214 0.759686
0.786839 0.213061 9.9991E-05
0.262324 9.9991E-05 0.737576
0.324277 0.675623 9.9991E-05
9.9991E-05 0.115377 0.884523
0.464664 9.9991E-05 0.535236
0.901572 9.9991E-05 0.0983284
0.956459 0.0434407 9.99911E-05
0.391644 0.608256 9.9991E-05
0.0545825 0.20105 0.744367
0.590348 9.99909E-05 0.409552
0.588323 9.9991E-05 0.411577
0.00691096 9.9991E-05 0.992989
0.9998 9.999E-05 9.999E-05
0.609549 9.99911E-05 0.390351
0.234385 0.63615 0.129465
9.9991E-05 0.726314 0.273586
9.9991E-05 0.713699 0.286201
0.57701 0.0325493 0.390441
0.523537 0.219726 0.256737
0.18135 0.81855 9.9991E-05
0.730287 0.231189 0.0385236
0.295604 0.704296 9.9991E-05
