9.99461E-05 9.99461E-05 9.99461E-05 0.855391 9.99461E-05 9.99461E-05 9.99461E-05 0.144009
9.99459E-05 9.99459E-05 0.679576 9.99459E-05 9.99459E-05 0.319824 9.99459E-05 9.99459E-05
9.99553E-05 0.44205 9.99553E-05 9.99553E-05 9.99553E-05 0.508637 0.0488131 9.99553E-05
0.699902 9.99732E-05 0.0303517 9.99732E-05 0.0175178 9.99732E-05 0.244525 0.00740374
9.9964E-05 9.9964E-05 0.0188539 9.9964E-05 0.0116815 0.93152 0.0375447 9.9964E-05
0.0199144 9.9955E-05 9.9955E-05 9.9955E-05 9.9955E-05 9.9955E-05 0.012931 0.966655
9.99549E-05 0.00559231 0.757181 9.99549E-05 9.99549E-05 0.236727 9.99549E-05 9.99549E-05
0.0688678 0.751851 9.99729E-05 0.0115832 9.99729E-05 9.99729E-05 0.143523 0.0238751
9.99642E-05 0.00411514 0.853787 0.115997 0.0257015 9.99642E-05 9.99642E-05 9.99642E-05
0.0981997 0.481674 0.0596913 9.9964E-05 9.9964E-05 9.9964E-05 0.360035 9.9964E-05
9.99459E-05 9.99459E-05 0.987019 0.0123812 9.99459E-05 9.99459E-05 9.99459E-05 9.99459E-05
9.99729E-05 0.0149722 9.99729E-05 0.170904 0.647346 0.0269589 9.99729E-05 0.139519
0.072985 0.0629164 9.9973E-05 0.65009 9.9973E-05 9.9973E-05 0.147317 0.0663917
9.999E-05 0.0970048 0.0476921 0.0666876 0.666571 0.0365354 0.00232451 0.0830842
0.0156284 9.9973E-05 9.9973E-05 0.00322498 0.0370691 9.9973E-05 0.938942 0.00483594
9.99641E-05 9.99641E-05 9.99641E-05 0.0817027 0.877853 0.000280289 9.99641E-05 0.039764
9.9982E-05 0.0217433 9.9982E-05 0.0660647 0.682755 0.0431595 0.0412386 0.144839
9.99459E-05 9.99459E-05 0.990252 9.99459E-05 9.99459E-05 9.99459E-05 9.99459E-05 0.009148
9.99459E-05 9.99459E-05 0.72635 9.99459E-05 9.99459E-05 0.27305 9.99459E-05 9.99459E-05
9.99459E-05 9.99459E-05 0.0741845 9.99459E-05 9.99459E-05 0.925216 9.99459E-05 9.99459E-05
9.99464E-05 9.99464E-05 0.294291 9.99464E-05 0.705109 9.99464E-05 9.99464E-05 9.99464E-05
9.994E-05 9.994E-05 9.994E-05 0.9993 9.994E-05 9.994E-05 9.994E-05 9.994E-05
0.0666846 0.0105722 0.0774194 9.9973E-05 9.9973E-05 0.157905 0.687119 9.9973E-05
0.177981 0.227577 0.127177 0.118495 9.9982E-05 0.277488 9.9982E-05 0.0710822
0.733156 9.99462E-05 9.99462E-05 9.99462E-05 9.99462E-05 9.99462E-05 0.266244 9.99462E-05
9.99552E-05 9.99552E-05 0.76449 0.148063 0.0869465 9.99552E-05 9.99552E-05 9.99552E-05
0.245998 9.9955E-05 9.9955E-05 0.448473 9.9955E-05 9.9955E-05 0.305029 9.9955E-05
9.994E-05 9.994E-05 9.994E-05 9.994E-05 0.9993 9.994E-05 9.994E-05 9.994E-05
9.994E-05 9.994E-05 9.994E-05 0.9993 9.994E-05 9.994E-05 9.994E-05 9.994E-05
9.99639E-05 0.0121826 0.919074 9.99639E-05 0.0493942 9.99639E-05 9.99639E-05 0.0189496
0.0483177 9.99553E-05 9.99553E-05 9.99553E-05 9.99553E-05 9.99553E-05 0.948479 0.00270382
9.99459E-05 9.99459E-05 9.99459E-05 9.99459E-05 0.0233539 9.99459E-05 9.99459E-05 0.976046
9.99729E-05 0.0305577 0.901668 0.0350778 0.0266049 0.0057916 9.99729E-05 9.99729E-05
0.181599 0.00919198 0.0114217 9.99731E-05 9.99731E-05 9.99731E-05 0.0239155 0.773571
9.99459E-05 9.99459E-05 0.64284 9.99459E-05 9.99459E-05 0.35656 9.99459E-05 9.99459E-05
9.99551E-05 0.0299962 9.99551E-05 9.99551E-05 9.99551E-05 0.463451 0.506053 9.99551E-05
0.131758 0.204587 0.378201 0.113707 9.998E-05 0.0920276 9.998E-05 0.079519
0.288236 9.9955E-05 9.9955E-05 0.55159 9.9955E-05 9.9955E-05 0.159674 9.9955E-05
9.99461E-05 9.99461E-05 0.232667 9.99461E-05 0.766733 9.99461E-05 9.99461E-05 9.99461E-05
9.99639E-05 9.99639E-05 9.99639E-05 0.111546 0.805985 0.0582317 9.99639E-05 0.0238374
9.9982E-05 0.0125974 9.9982E-05 0.672318 0.0321481 0.0120104 0.060998 0.209728
0.711296 9.99461E-05 9.99461E-05 9.99461E-05 9.99461E-05 9.99461E-05 0.288104 9.99461E-05
9.996E-05 0.073651 0.654259 0.0354591 9.996E-05 0.236231 9.996E-05 9.996E-05
0.312662 9.99549E-05 9.99549E-05 0.308569 9.99549E-05 9.99549E-05 0.378269 9.99549E-05
9.9955E-05 9.9955E-05 9.9955E-05 0.22975 0.00707599 9.9955E-05 9.9955E-05 0.762674
9.9955E-05 9.9955E-05 9.9955E-05 0.197444 0.0608518 9.9955E-05 9.9955E-05 0.741205
9.99729E-05 0.0185158 0.0734538 0.00670585 9.99729E-05 0.844271 9.99729E-05 0.056754
9.994E-05 9.994E-05 0.9993 9.994E-05 9.994E-05 9.994E-05 9.994E-05 9.994E-05
9.9946E-05 9.9946E-05 0.775805 9.9946E-05 9.9946E-05 0.223595 9.9946E-05 9.9946E-05
9.994E-05 9.994E-05 9.994E-05 0.9993 9.994E-05 9.994E-05 9.994E-05 9.994E-05
0.388472 9.99641E-05 9.99641E-05 0.412275 9.99641E-05 9.99641E-05 0.031312 0.167541
9.999E-05 0.0150087 0.0341046 0.131611 0.633968 0.04186 0.0253133 0.118035
9.99462E-05 9.99462E-05 0.00909234 9.99462E-05 0.990308 9.99462E-05 9.99462E-05 9.99462E-05
9.99459E-05 9.99459E-05 9.99459E-05 9.99459E-05 9.99459E-05 0.218844 0.780556 9.99459E-05
0.0478785 0.807428 9.99729E-05 0.010669 9.99729E-05 9.99729E-05 0.110151 0.0235739
0.138025 0.476235 0.035356 9.9973E-05 9.9973E-05 9.9973E-05 0.340556 0.00952825
9.99553E-05 0.407568 9.99553E-05 9.99553E-05 9.99553E-05 0.428044 0.163889 9.99553E-05
9.994E-05 9.994E-05 9.994E-05 9.994E-05 9.994E-05 9.994E-05 0.9993 9.994E-05
0.632798 0.000942953 9.99819E-05 0.108051 0.135003 0.0812683 9.99819E-05 0.0417368
9.99459E-05 9.99459E-05 0.0844091 9.99459E-05 9.99459E-05 0.914991 9.99459E-05 9.99459E-05
0.153438 9.99731E-05 0.0514994 0.0350586 9.99731E-05 9.99731E-05 0.00276486 0.756939
0.170145 0.0141313 0.013388 0.00539891 9.99821E-05 9.99821E-05 0.0428644 0.753872
0.0112932 9.9964E-05 9.9964E-05 0.844047 0.0249121 9.9964E-05 0.119348 9.9964E-05
0.129052 9.9982E-05 0.0040423 0.367362 0.0402548 9.9982E-05 0.0710075 0.388082
0.917796 9.99639E-05 0.0101388 0.0695621 9.99639E-05 9.99639E-05 9.99639E-05 0.0021036
0.0203492 9.9964E-05 9.9964E-05 0.00781105 0.029282 9.9964E-05 0.942158 9.9964E-05
0.914053 9.99549E-05 9.99549E-05 0.0563531 9.99549E-05 9.99549E-05 9.99549E-05 0.0290936
9.994E-05 9.994E-05 9.994E-05 0.9993 9.994E-05 9.994E-05 9.994E-05 9.994E-05
9.9955E-05 9.9955E-05 9.9955E-05 0.0205088 0.966405 9.9955E-05 0.0125862 9.9955E-05
0.28244 9.99641E-05 9.99641E-05 0.616175 9.99641E-05 9.99641E-05 0.0946713 0.00631422
9.997E-05 0.0560394 9.997E-05 9.997E-05 0.0180915 0.657985 0.200311 0.067273
9.9946E-05 9.9946E-05 9.9946E-05 0.434675 9.9946E-05 9.9946E-05 9.9946E-05 0.564726
0.0165872 9.9964E-05 9.9964E-05 0.832819 9.9964E-05 9.9964E-05 0.116101 0.0340932
9.99461E-05 0.0293288 9.99461E-05 9.99461E-05 9.99461E-05 9.99461E-05 0.970072 9.99461E-05
9.99639E-05 0.0179269 0.105464 9.99639E-05 9.99639E-05 0.855201 9.99639E-05 0.0210091
9.9973E-05 0.00276592 0.461742 0.00194099 0.0665012 0.46675 9.9973E-05 9.9973E-05
9.99639E-05 0.0115186 9.99639E-05 0.000332731 9.99639E-05 0.235663 0.752086 9.99639E-05
9.9964E-05 9.9964E-05 0.10915 0.00970487 0.825071 9.9964E-05 9.9964E-05 0.0556743
9.99731E-05 9.99731E-05 0.134255 0.111169 0.687715 0.0529555 9.99731E-05 0.0136053
9.994E-05 9.994E-05 9.994E-05 9.994E-05 9.994E-05 9.994E-05 0.9993 9.994E-05
9.996E-05 0.061796 0.645108 0.0448473 9.996E-05 0.247849 9.996E-05 9.996E-05
0.146566 0.187941 0.354461 0.131768 9.998E-05 0.100367 9.998E-05 0.0786977
9.99639E-05 0.0264351 0.342106 0.0862946 0.544765 9.99639E-05 9.99639E-05 9.99639E-05
0.294495 9.99549E-05 9.99549E-05 0.29193 9.99549E-05 9.99549E-05 0.413076 9.99549E-05
0.676913 9.99461E-05 9.99461E-05 9.99461E-05 9.99461E-05 9.99461E-05 0.322487 9.99461E-05
0.0577041 0.0102197 0.080185 9.99641E-05 0.851491 9.99641E-05 9.99641E-05 9.99641E-05
9.994E-05 9.994E-05 9.994E-05 0.9993 9.994E-05 9.994E-05 9.994E-05 9.994E-05
0.278467 9.9955E-05 9.9955E-05 0.100227 9.9955E-05 9.9955E-05 0.620807 9.9955E-05
0.73372 0.0787138 9.9955E-05 9.9955E-05 9.9955E-05 9.9955E-05 0.187066 9.9955E-05
0.711008 0.109761 9.99551E-05 9.99551E-05 9.99551E-05 9.99551E-05 0.178731 9.99551E-05
9.994E-05 9.994E-05 9.994E-05 0.9993 9.994E-05 9.994E-05 9.994E-05 9.994E-05
0.00454462 9.99551E-05 9.99551E-05 9.99551E-05 9.99551E-05 0.335665 0.65929 9.99551E-05
9.9946E-05 9.9946E-05 0.0625305 9.9946E-05 9.9946E-05 0.93687 9.9946E-05 9.9946E-05
9.994E-05 9.994E-05 9.994E-05 9.994E-05 9.994E-05 9.994E-05 0.9993 9.994E-05
9.9955E-05 9.9955E-05 9.9955E-05 0.0898582 0.830661 9.9955E-05 9.9955E-05 0.0789811
0.218259 0.196673 0.116871 0.168706 9.9982E-05 0.259979 9.9982E-05 0.0393126
0.69181 9.9973E-05 9.9973E-05 0.0954061 0.0362735 0.0816802 9.9973E-05 0.0945298
9.994E-05 9.994E-05 9.994E-05 9.994E-05 9.994E-05 0.9993 9.994E-05 9.994E-05
9.9946E-05 9.9946E-05 0.420438 9.9946E-05 0.578962 9.9946E-05 9.9946E-05 9.9946E-05
0.108717 9.99551E-05 9.99551E-05 0.0104112 9.99551E-05 9.99551E-05 0.880372 9.99551E-05
9.99729E-05 0.0154185 0.915958 0.00826118 0.0573608 9.99729E-05 9.99729E-05 0.00270168
9.994E-05 9.994E-05 9.994E-05 9.994E-05 0.9993 9.994E-05 9.994E-05 9.994E-05
9.994E-05 0.9993 9.994E-05 9.994E-05 9.994E-05 9.994E-05 9.994E-05 9.994E-05
0.236087 9.99731E-05 9.99731E-05 0.657676 0.0171587 9.99731E-05 0.0408787 0.0479002
0.298483 9.9955E-05 9.9955E-05 0.0975964 9.9955E-05 9.9955E-05 0.603421 9.9955E-05
9.9955E-05 0.029892 9.9955E-05 9.9955E-05 9.9955E-05 0.649619 0.319989 9.9955E-05
9.9946E-05 9.9946E-05 0.266047 9.9946E-05 0.733353 9.9946E-05 9.9946E-05 9.9946E-05
9.99641E-05 0.474884 9.99641E-05 0.0523981 9.99641E-05 0.248092 0.224226 9.99641E-05
9.99461E-05 9.99461E-05 9.99461E-05 0.832697 9.99461E-05 9.99461E-05 9.99461E-05 0.166703
9.9982E-05 0.116433 0.00575223 0.0583288 0.178347 0.0378079 9.9982E-05 0.603131
9.99463E-05 9.99463E-05 9.99463E-05 9.99463E-05 0.0781972 9.99463E-05 9.99463E-05 0.921203
0.0261276 9.99461E-05 9.99461E-05 9.99461E-05 9.99461E-05 9.99461E-05 9.99461E-05 0.973273
9.99462E-05 9.99462E-05 0.00632293 9.99462E-05 9.99462E-05 0.993077 9.99462E-05 9.99462E-05
9.994E-05 0.9993 9.994E-05 9.994E-05 9.994E-05 9.994E-05 9.994E-05 9.994E-05
0.878523 9.99638E-05 0.0112868 0.00611689 9.99638E-05 9.99638E-05 9.99638E-05 0.103674
9.994E-05 9.994E-05 9.994E-05 9.994E-05 9.994E-05 9.994E-05 9.994E-05 0.9993
9.99464E-05 9.99464E-05 0.870304 9.99464E-05 0.129097 9.99464E-05 9.99464E-05 9.99464E-05
9.99553E-05 0.396856 9.99553E-05 9.99553E-05 9.99553E-05 0.571938 0.0307062 9.99553E-05
9.99639E-05 0.0195672 9.99639E-05 0.0208616 9.99639E-05 0.240206 0.718965 9.99639E-05
0.0873092 9.99641E-05 9.99641E-05 0.0530537 0.0114201 9.99641E-05 0.847817 9.99641E-05
9.99458E-05 9.99458E-05 0.0969633 9.99458E-05 9.99458E-05 0.902437 9.99458E-05 9.99458E-05
9.996E-05 9.996E-05 9.996E-05 0.728283 0.0583005 9.996E-05 0.0502959 0.162721
9.99549E-05 0.00717219 0.295091 9.99549E-05 0.697237 9.99549E-05 9.99549E-05 9.99549E-05
0.130668 0.233203 0.387167 0.0821869 9.9982E-05 0.0784172 9.9982E-05 0.0881585
9.99549E-05 9.99549E-05 0.672795 9.99549E-05 0.311783 9.99549E-05 9.99549E-05 0.0149221
9.994E-05 9.994E-05 0.9993 9.994E-05 9.994E-05 9.994E-05 9.994E-05 9.994E-05
0.195661 0.00313567 0.133534 9.99822E-05 0.466898 0.025471 9.99822E-05 0.1751
0.572672 0.161127 9.9982E-05 0.0494979 0.0729883 0.0887431 9.9982E-05 0.0547714
9.9955E-05 0.031529 9.9955E-05 9.9955E-05 9.9955E-05 0.605224 0.362748 9.9955E-05
9.99461E-05 9.99461E-05 0.986041 9.99461E-05 9.99461E-05 0.0133589 9.99461E-05 9.99461E-05
9.99548E-05 9.99548E-05 0.530822 0.0444196 0.424258 9.99548E-05 9.99548E-05 9.99548E-05
9.994E-05 0.9993 9.994E-05 9.994E-05 9.994E-05 9.994E-05 9.994E-05 9.994E-05
0.00850955 0.0608789 0.176828 0.0295816 9.99821E-05 0.699734 9.99821E-05 0.0242675
9.9946E-05 9.9946E-05 9.9946E-05 9.9946E-05 0.000978188 9.9946E-05 9.9946E-05 0.998422
9.9946E-05 9.9946E-05 9.9946E-05 0.423903 9.9946E-05 9.9946E-05 9.9946E-05 0.575497
9.9955E-05 9.9955E-05 9.9955E-05 0.160055 0.0579493 9.9955E-05 9.9955E-05 0.781495
9.99459E-05 9.99459E-05 0.829574 9.99459E-05 0.169826 9.99459E-05 9.99459E-05 9.99459E-05
9.99729E-05 9.99729E-05 9.99729E-05 0.00272524 0.000589885 0.49387 0.463415 0.0391001
9.99549E-05 9.99549E-05 0.985914 0.00724525 9.99549E-05 9.99549E-05 9.99549E-05 0.00634093
0.0801036 0.488372 0.0814482 9.9964E-05 9.9964E-05 9.9964E-05 0.349677 9.9964E-05
9.99463E-05 9.99463E-05 0.355848 9.99463E-05 0.643553 9.99463E-05 9.99463E-05 9.99463E-05
9.994E-05 9.994E-05 9.994E-05 9.994E-05 0.9993 9.994E-05 9.994E-05 9.994E-05
0.312238 9.9964E-05 9.9964E-05 0.595712 9.9964E-05 9.9964E-05 0.0669461 0.0247049
0.0430311 9.99461E-05 9.99461E-05 9.99461E-05 9.99461E-05 9.99461E-05 9.99461E-05 0.956369
0.050599 9.99551E-05 9.99551E-05 9.99551E-05 9.99551E-05 9.99551E-05 0.00514251 0.943759
9.9946E-05 9.9946E-05 9.9946E-05 0.380329 9.9946E-05 9.9946E-05 9.9946E-05 0.619072
9.99551E-05 9.99551E-05 9.99551E-05 0.0290168 0.779895 9.99551E-05 9.99551E-05 0.190588
9.9955E-05 9.9955E-05 9.9955E-05 0.0431467 0.830602 9.9955E-05 9.9955E-05 0.125752
9.99459E-05 9.99459E-05 9.99459E-05 9.99459E-05 9.99459E-05 0.284065 0.715335 9.99459E-05
9.9964E-05 0.00219111 9.9964E-05 0.142814 0.042651 9.9964E-05 9.9964E-05 0.811944
0.204755 0.0372258 0.0576699 9.99731E-05 9.99731E-05 0.0725701 0.62748 9.99731E-05
0.0692595 9.9946E-05 9.9946E-05 9.9946E-05 9.9946E-05 9.9946E-05 9.9946E-05 0.930141
9.994E-05 9.994E-05 9.994E-05 9.994E-05 9.994E-05 9.994E-05 0.9993 9.994E-05
0.0190338 9.99556E-05 0.623964 9.99556E-05 0.356503 9.99556E-05 9.99556E-05 9.99556E-05
0.290209 9.9964E-05 9.9964E-05 0.55139 9.9964E-05 9.9964E-05 0.120461 0.0375396
9.99551E-05 0.117869 9.99551E-05 9.99551E-05 9.99551E-05 0.267245 0.614386 9.99551E-05
9.99552E-05 9.99552E-05 9.99552E-05 0.0506756 0.886618 9.99552E-05 9.99552E-05 0.0622064
0.353306 0.0283561 9.9973E-05 0.428411 9.9973E-05 9.9973E-05 0.170998 0.0186282
9.99731E-05 0.0352453 0.172922 0.0312479 0.0708122 0.689472 9.99731E-05 9.99731E-05
0.977532 9.99461E-05 9.99461E-05 9.99461E-05 0.021868 9.99461E-05 9.99461E-05 9.99461E-05
9.9964E-05 0.00247614 9.9964E-05 9.9964E-05 0.0205005 0.000804732 9.9964E-05 0.975819
9.994E-05 9.994E-05 9.994E-05 9.994E-05 0.0200249 9.994E-05 9.994E-05 0.979375
0.00244557 9.99731E-05 9.99731E-05 0.84552 0.00216092 9.99731E-05 0.0490648 0.100508
0.915758 0.0836426 9.99464E-05 9.99464E-05 9.99464E-05 9.99464E-05 9.99464E-05 9.99464E-05
9.994E-05 9.994E-05 9.994E-05 9.994E-05 9.994E-05 0.9993 9.994E-05 9.994E-05
0.610359 0.00756539 9.99819E-05 0.128571 0.101935 0.0985737 9.99819E-05 0.052796
0.0312046 9.99551E-05 9.99551E-05 9.99551E-05 0.0211626 9.99551E-05 0.947133 9.99551E-05
9.994E-05 9.994E-05 9.994E-05 9.994E-05 9.994E-05 0.9993 9.994E-05 9.994E-05
9.99548E-05 9.99548E-05 0.304635 9.99548E-05 0.689496 0.00536964 9.99548E-05 9.99548E-05
9.994E-05 0.9993 9.994E-05 9.994E-05 9.994E-05 9.994E-05 9.994E-05 9.994E-05
9.994E-05 9.994E-05 9.994E-05 9.994E-05 0.9993 9.994E-05 9.994E-05 9.994E-05
9.9973E-05 0.228221 0.214886 0.0282477 9.9973E-05 0.52726 9.9973E-05 0.00108594
9.99461E-05 9.99461E-05 9.99461E-05 0.416353 9.99461E-05 9.99461E-05 9.99461E-05 0.583047
9.9973E-05 0.109546 9.9973E-05 0.122687 0.139214 0.0523361 9.9973E-05 0.575917
9.99548E-05 9.99548E-05 0.299283 9.99548E-05 0.690387 9.99548E-05 9.99548E-05 0.00982972
9.99461E-05 9.99461E-05 0.189319 9.99461E-05 0.810081 9.99461E-05 9.99461E-05 9.99461E-05
9.9973E-05 0.0239004 9.9973E-05 0.806689 0.0156904 9.9973E-05 0.114185 0.0392347
0.124272 9.9973E-05 9.9973E-05 0.384004 0.00998111 9.9973E-05 0.0910052 0.390437
9.99731E-05 0.0370907 0.140899 0.0668958 9.99731E-05 0.722119 9.99731E-05 0.0326958
9.99638E-05 9.99638E-05 9.99638E-05 0.173891 0.62214 0.0437613 9.99638E-05 0.159808
9.9964E-05 9.9964E-05 9.9964E-05 9.9964E-05 0.00812635 0.522294 0.461984 0.00719583
9.994E-05 9.994E-05 9.994E-05 0.9993 9.994E-05 9.994E-05 9.994E-05 9.994E-05
9.9982E-05 9.9982E-05 0.162564 0.0475674 0.66258 0.0317412 0.0336427 0.0617055
9.99461E-05 9.99461E-05 0.824486 9.99461E-05 0.174914 9.99461E-05 9.99461E-05 9.99461E-05
9.99554E-05 0.0777665 0.634622 9.99554E-05 9.99554E-05 0.287111 9.99554E-05 9.99554E-05
9.9955E-05 0.0528708 9.9955E-05 9.9955E-05 9.9955E-05 0.63068 0.31595 9.9955E-05
0.211536 9.99551E-05 9.99551E-05 9.99551E-05 9.99551E-05 9.99551E-05 0.0464775 0.741486
9.99638E-05 9.99638E-05 0.30624 0.022502 0.649047 9.99638E-05 9.99638E-05 0.0218116
9.99459E-05 9.99459E-05 0.269447 9.99459E-05 0.729954 9.99459E-05 9.99459E-05 9.99459E-05
9.99551E-05 9.99551E-05 9.99551E-05 0.200225 0.0374531 9.99551E-05 9.99551E-05 0.761822
9.99461E-05 9.99461E-05 0.876744 9.99461E-05 9.99461E-05 0.122657 9.99461E-05 9.99461E-05
0.134131 0.00531915 0.376561 0.0149403 0.436242 0.0103027 0.0224041 9.9991E-05
9.9973E-05 0.813817 9.9973E-05 0.0286732 0.0167934 9.9973E-05 0.133679 0.00673763
0.308613 9.99549E-05 9.99549E-05 0.288019 9.99549E-05 9.99549E-05 0.402868 9.99549E-05
0.316111 9.99549E-05 9.99549E-05 0.27927 9.99549E-05 9.99549E-05 0.40412 9.99549E-05
0.14328 9.99731E-05 0.406805 0.0469358 0.391384 9.99731E-05 0.0112953 9.99731E-05
0.124051 0.200927 0.36131 0.139011 9.9982E-05 0.0947736 9.9982E-05 0.0797262
0.0141583 9.9964E-05 9.9964E-05 9.9964E-05 0.0168174 0.343829 0.624796 9.9964E-05
9.99641E-05 0.24042 0.158826 9.99641E-05 9.99641E-05 0.508881 9.99641E-05 0.0914736
9.99459E-05 9.99459E-05 9.99459E-05 9.99459E-05 9.99459E-05 0.475261 0.52414 9.99459E-05
