9.99282E-05 9.99282E-05 0.902198 0.0970022 9.99282E-05 9.99282E-05 9.99282E-05 9.99282E-05 9.99282E-05 9.99282E-05
9.99278E-05 0.659112 9.99278E-05 9.99278E-05 9.99278E-05 0.340089 9.99278E-05 9.99278E-05 9.99278E-05 9.99278E-05
0.0869871 9.99462E-05 9.99462E-05 9.99462E-05 0.0270358 0.644916 9.99462E-05 0.240461 9.99462E-05 9.99462E-05
0.210201 9.99554E-05 9.99554E-05 0.0237161 0.212635 9.99554E-05 9.99554E-05 0.539307 9.99554E-05 0.0136411
0.0416954 0.00621175 9.99549E-05 9.99549E-05 9.99549E-05 0.873247 9.99549E-05 9.99549E-05 0.0646364 0.0137098
0.0527339 9.99371E-05 0.0251531 0.921413 9.99371E-05 9.99371E-05 9.99371E-05 9.99371E-05 9.99371E-05 9.99371E-05
9.99278E-05 0.742692 9.99278E-05 9.99278E-05 9.99278E-05 0.256509 9.99278E-05 9.99278E-05 9.99278E-05 9.99278E-05
0.148779 9.99639E-05 0.00886486 9.99639E-05 9.99639E-05 0.0639297 0.0306099 0.726172 0.0212442 9.99639E-05
9.99372E-05 0.693229 0.0382287 9.99372E-05 9.99372E-05 9.99372E-05 9.99372E-05 9.99372E-05 0.267843 9.99372E-05
0.339393 0.0875833 9.99459E-05 9.99459E-05 9.99459E-05 0.003703 9.99459E-05 0.568721 9.99459E-05 9.99459E-05
9.99458E-05 0.920888 0.0261605 9.99458E-05 9.99458E-05 9.99458E-05 9.99458E-05 9.99458E-05 0.0497051 0.002647
9.99548E-05 9.99548E-05 0.173222 0.0860612 9.99548E-05 0.0407277 0.51393 9.99548E-05 9.99548E-05 0.18556
0.0222083 9.9964E-05 0.263876 0.10739 0.569779 9.9964E-05 0.0202528 9.9964E-05 9.9964E-05 0.016093
0.00881567 0.0615901 9.9982E-05 0.0920666 0.0488954 0.0125063 0.638402 9.9982E-05 0.0963833 0.0411406
0.902655 9.99371E-05 9.99371E-05 9.99371E-05 0.0785022 9.99371E-05 9.99371E-05 9.99371E-05 9.99371E-05 0.0181428
9.99551E-05 9.99551E-05 0.0359385 0.0347114 0.0130484 9.99551E-05 0.744327 9.99551E-05 9.99551E-05 0.171475
0.00961766 0.0656289 9.9973E-05 0.0821171 0.0840421 0.0165938 0.707882 9.9973E-05 0.0338183 9.9973E-05
9.99368E-05 0.926574 9.99368E-05 0.0143521 9.99368E-05 9.99368E-05 9.99368E-05 9.99368E-05 0.058374 9.99368E-05
9.99368E-05 0.724139 9.99368E-05 9.99368E-05 0.00746262 0.267699 9.99368E-05 9.99368E-05 9.99368E-05 9.99368E-05
9.99279E-05 0.0816235 9.99279E-05 9.99279E-05 9.99279E-05 0.917577 9.99279E-05 9.99279E-05 9.99279E-05 9.99279E-05
9.99375E-05 0.306248 9.99375E-05 9.99375E-05 9.99375E-05 9.99375E-05 0.518311 9.99375E-05 9.99375E-05 0.174741
9.99201E-05 9.99201E-05 0.999101 9.99201E-05 9.99201E-05 9.99201E-05 9.99201E-05 9.99201E-05 9.99201E-05 9.99201E-05
0.709764 0.096445 9.99551E-05 9.99551E-05 9.99551E-05 0.0877264 9.99551E-05 0.0903285 9.99551E-05 0.0152362
9.99551E-05 9.99551E-05 9.99551E-05 0.00738952 0.0692804 0.162713 9.99551E-05 0.0284117 0.731706 9.99551E-05
0.343118 9.99284E-05 9.99284E-05 9.99284E-05 9.99284E-05 9.99284E-05 9.99284E-05 0.656083 9.99284E-05 9.99284E-05
9.99462E-05 0.592489 0.0797926 9.99462E-05 9.99462E-05 9.99462E-05 0.0696265 9.99462E-05 0.257492 9.99462E-05
9.99371E-05 9.99371E-05 0.00186005 9.99371E-05 0.939438 9.99371E-05 9.99371E-05 9.99371E-05 0.0580027 9.99371E-05
9.99201E-05 9.99201E-05 9.99201E-05 9.99201E-05 9.99201E-05 9.99201E-05 0.999101 9.99201E-05 9.99201E-05 9.99201E-05
9.99201E-05 9.99201E-05 0.999101 9.99201E-05 9.99201E-05 9.99201E-05 9.99201E-05 9.99201E-05 9.99201E-05 9.99201E-05
9.99368E-05 0.822042 9.99368E-05 9.99368E-05 9.99368E-05 9.99368E-05 9.99368E-05 0.0506944 9.99368E-05 0.126564
0.899016 9.99463E-05 9.99463E-05 9.99463E-05 0.0853965 9.99463E-05 0.00798522 9.99463E-05 0.00700226 9.99463E-05
9.99369E-05 9.99369E-05 9.99369E-05 0.97429 9.99369E-05 9.99369E-05 0.0152027 9.99369E-05 9.99369E-05 0.00980736
9.99548E-05 0.775132 0.0509568 9.99548E-05 9.99548E-05 0.0288688 9.99548E-05 0.0389636 9.99548E-05 0.105579
0.0377823 9.99552E-05 9.99552E-05 0.784871 0.141027 9.99552E-05 9.99552E-05 0.0122533 0.0235667 9.99552E-05
9.99368E-05 0.55321 9.99368E-05 9.99368E-05 9.99368E-05 0.356319 9.99368E-05 9.99368E-05 9.99368E-05 0.0897718
0.539953 9.99281E-05 9.99281E-05 9.99281E-05 9.99281E-05 0.459247 9.99281E-05 9.99281E-05 9.99281E-05 9.99281E-05
9.99201E-05 9.99201E-05 9.99201E-05 9.99201E-05 9.99201E-05 9.99201E-05 9.99201E-05 9.99201E-05 0.999101 9.99201E-05
9.9937E-05 9.9937E-05 0.0710652 0.0253924 0.902843 9.9937E-05 9.9937E-05 9.9937E-05 9.9937E-05 9.9937E-05
9.99284E-05 9.99284E-05 9.99284E-05 9.99284E-05 9.99284E-05 9.99284E-05 0.166866 9.99284E-05 9.99284E-05 0.832335
9.996E-05 9.996E-05 0.0560729 0.0233627 0.0586346 0.00502368 0.564286 9.996E-05 9.996E-05 0.29222
0.0307569 9.9973E-05 0.552899 0.193189 0.134759 9.9973E-05 0.0402943 9.9973E-05 0.0126439 0.0351576
0.425558 9.99463E-05 9.99463E-05 0.0243829 0.0282105 9.99463E-05 9.99463E-05 0.521249 9.99463E-05 9.99463E-05
9.99553E-05 0.587694 0.025229 9.99553E-05 9.99553E-05 0.239528 0.0412334 9.99553E-05 0.105816 9.99553E-05
0.0550718 9.99278E-05 9.99278E-05 9.99278E-05 0.944129 9.99278E-05 9.99278E-05 9.99278E-05 9.99278E-05 9.99278E-05
9.9937E-05 9.9937E-05 0.323186 0.65125 9.9937E-05 9.9937E-05 0.0248646 9.9937E-05 9.9937E-05 9.9937E-05
9.9955E-05 9.9955E-05 0.340205 0.599058 9.9955E-05 0.00878833 0.00908786 9.9955E-05 9.9955E-05 0.0423605
9.99639E-05 0.0440359 0.0261416 0.0276075 9.99639E-05 0.878628 0.0003254 9.99639E-05 9.99639E-05 0.0228622
9.99283E-05 0.992265 9.99283E-05 9.99283E-05 9.99283E-05 0.0069354 9.99283E-05 9.99283E-05 9.99283E-05 9.99283E-05
9.99369E-05 0.74279 9.99369E-05 9.99369E-05 9.99369E-05 0.245643 9.99369E-05 9.99369E-05 9.99369E-05 0.0108678
9.99201E-05 9.99201E-05 0.999101 9.99201E-05 9.99201E-05 9.99201E-05 9.99201E-05 9.99201E-05 9.99201E-05 9.99201E-05
9.99731E-05 9.99731E-05 0.128947 0.231141 0.505354 9.99731E-05 0.000527005 0.107754 0.0133832 0.0125933
9.99729E-05 0.0442897 0.054902 0.0591028 0.0821846 0.0182647 0.659286 9.99729E-05 0.0816705 9.99729E-05
9.99283E-05 9.99283E-05 9.99283E-05 9.99283E-05 9.99283E-05 9.99283E-05 0.560223 9.99283E-05 9.99283E-05 0.438978
0.789475 9.99459E-05 0.0188581 9.99459E-05 9.99459E-05 0.185558 9.99459E-05 9.99459E-05 0.00551013 9.99459E-05
0.125231 9.99638E-05 0.0195242 9.99638E-05 9.99638E-05 0.0381105 0.03643 0.776526 0.00377828 9.99638E-05
0.335348 0.0644089 9.99459E-05 9.99459E-05 9.99459E-05 0.0135557 9.99459E-05 0.586087 9.99459E-05 9.99459E-05
0.188784 0.00197409 9.99464E-05 9.99464E-05 9.99464E-05 0.562505 9.99464E-05 0.246137 9.99464E-05 9.99464E-05
0.944705 9.99279E-05 9.99279E-05 9.99279E-05 0.0544955 9.99279E-05 9.99279E-05 9.99279E-05 9.99279E-05 9.99279E-05
9.9973E-05 9.9973E-05 9.9973E-05 0.106587 0.252306 0.013486 0.0261748 0.422626 0.0962658 0.0822546
9.99279E-05 0.0704726 9.99279E-05 9.99279E-05 9.99279E-05 0.928728 9.99279E-05 9.99279E-05 9.99279E-05 9.99279E-05
9.99462E-05 0.0430328 9.99462E-05 0.733228 0.192621 9.99462E-05 9.99462E-05 9.99462E-05 0.0305193 9.99462E-05
9.99463E-05 9.99463E-05 9.99463E-05 0.738399 0.19121 9.99463E-05 9.99463E-05 0.0362585 0.0335327 9.99463E-05
9.99549E-05 9.99549E-05 0.435477 0.0410068 0.48339 9.99549E-05 0.0374723 9.99549E-05 9.99549E-05 0.00215428
9.9955E-05 9.9955E-05 0.106273 0.374287 0.407964 9.9955E-05 0.0593291 9.9955E-05 9.9955E-05 0.0516485
9.99461E-05 9.99461E-05 0.0191386 0.0768682 0.150959 9.99461E-05 9.99461E-05 0.752434 9.99461E-05 9.99461E-05
0.918414 9.99281E-05 9.99281E-05 9.99281E-05 0.0807864 9.99281E-05 9.99281E-05 9.99281E-05 9.99281E-05 9.99281E-05
9.9946E-05 9.9946E-05 0.0219511 0.0754392 0.158015 9.9946E-05 9.9946E-05 0.743995 9.9946E-05 9.9946E-05
9.99201E-05 9.99201E-05 0.999101 9.99201E-05 9.99201E-05 9.99201E-05 9.99201E-05 9.99201E-05 9.99201E-05 9.99201E-05
0.0139382 9.99369E-05 9.99369E-05 9.99369E-05 9.99369E-05 9.99369E-05 0.82501 9.99369E-05 9.99369E-05 0.160353
9.99371E-05 9.99371E-05 0.057952 0.115685 0.825664 9.99371E-05 9.99371E-05 9.99371E-05 9.99371E-05 9.99371E-05
0.231968 9.99549E-05 9.99549E-05 0.0654092 9.99549E-05 0.675186 9.99549E-05 0.00761712 9.99549E-05 0.01932
9.99371E-05 9.99371E-05 0.545369 0.444821 9.99371E-05 9.99371E-05 9.99371E-05 9.99371E-05 0.00911064 9.99371E-05
9.99549E-05 9.99549E-05 0.436117 0.0198556 0.50584 9.99549E-05 0.0232952 9.99549E-05 9.99549E-05 0.0143922
0.959146 9.9937E-05 0.0117203 9.9937E-05 9.9937E-05 9.9937E-05 9.9937E-05 9.9937E-05 0.0284337 9.9937E-05
9.99459E-05 0.0399057 9.99459E-05 0.0409697 9.99459E-05 0.866308 9.99459E-05 9.99459E-05 9.99459E-05 0.0522166
9.9955E-05 0.409942 9.9955E-05 9.9955E-05 0.0176659 0.476867 0.055816 9.9955E-05 9.9955E-05 0.0392088
0.805521 9.99459E-05 0.0116829 9.99459E-05 9.99459E-05 0.180114 9.99459E-05 9.99459E-05 0.00208156 9.99459E-05
9.99461E-05 9.99461E-05 0.0256398 0.00416866 9.99461E-05 9.99461E-05 0.317791 9.99461E-05 9.99461E-05 0.651801
9.9955E-05 0.166711 0.0145969 9.9955E-05 0.0256878 9.9955E-05 0.691438 9.9955E-05 0.101067 9.9955E-05
0.999101 9.99201E-05 9.99201E-05 9.99201E-05 9.99201E-05 9.99201E-05 9.99201E-05 9.99201E-05 9.99201E-05 9.99201E-05
9.99554E-05 0.577438 0.0300494 9.99554E-05 0.00425211 0.303329 9.99554E-05 9.99554E-05 0.084432 9.99554E-05
9.99201E-05 9.99201E-05 9.99201E-05 9.99201E-05 9.99201E-05 9.99201E-05 9.99201E-05 9.99201E-05 0.999101 9.99201E-05
9.99639E-05 0.140731 0.0751649 9.99639E-05 9.99639E-05 0.0195418 0.0404486 9.99639E-05 0.0135033 0.710211
0.134175 9.99278E-05 9.99278E-05 9.99278E-05 0.865026 9.99278E-05 9.99278E-05 9.99278E-05 9.99278E-05 9.99278E-05
0.390087 9.99372E-05 9.99372E-05 0.0400836 9.99372E-05 9.99372E-05 9.99372E-05 0.56913 9.99372E-05 9.99372E-05
0.00939273 9.99462E-05 9.99462E-05 9.99462E-05 9.99462E-05 9.99462E-05 0.442235 0.0301721 9.99462E-05 0.5176
9.99201E-05 9.99201E-05 0.999101 9.99201E-05 9.99201E-05 9.99201E-05 9.99201E-05 9.99201E-05 9.99201E-05 9.99201E-05
0.46738 9.99461E-05 9.99461E-05 9.99461E-05 0.516526 9.99461E-05 9.99461E-05 0.0106082 0.00488592 9.99461E-05
0.228211 9.99372E-05 9.99372E-05 0.0166891 9.99372E-05 9.99372E-05 9.99372E-05 0.754401 9.99372E-05 9.99372E-05
0.197489 9.99373E-05 9.99373E-05 9.99373E-05 0.0350724 9.99373E-05 9.99373E-05 0.766739 9.99373E-05 9.99373E-05
9.99201E-05 9.99201E-05 0.999101 9.99201E-05 9.99201E-05 9.99201E-05 9.99201E-05 9.99201E-05 9.99201E-05 9.99201E-05
0.706391 9.99371E-05 9.99371E-05 9.99371E-05 9.99371E-05 0.279272 9.99371E-05 0.0136376 9.99371E-05 9.99371E-05
9.99279E-05 0.0906238 9.99279E-05 9.99279E-05 9.99279E-05 0.908577 9.99279E-05 9.99279E-05 9.99279E-05 9.99279E-05
0.984382 9.99279E-05 9.99279E-05 9.99279E-05 0.0148182 9.99279E-05 9.99279E-05 9.99279E-05 9.99279E-05 9.99279E-05
9.99459E-05 9.99459E-05 0.0163324 0.0688227 9.99459E-05 9.99459E-05 0.909871 9.99459E-05 0.00437381 9.99459E-05
9.9946E-05 9.9946E-05 9.9946E-05 9.9946E-05 0.117483 0.104062 9.9946E-05 0.0528053 0.72505 9.9946E-05
9.99731E-05 9.99731E-05 9.99731E-05 0.17459 0.244814 0.027265 0.00291416 0.429719 0.110398 0.0100007
0.000109848 9.99281E-05 9.99281E-05 9.99281E-05 9.99281E-05 0.999091 9.99281E-05 9.99281E-05 9.99281E-05 9.99281E-05
9.99283E-05 0.0950896 9.99283E-05 9.99283E-05 9.99283E-05 9.99283E-05 9.99283E-05 9.99283E-05 9.99283E-05 0.904111
0.839439 9.99373E-05 9.99373E-05 9.99373E-05 0.148026 9.99373E-05 9.99373E-05 0.0118349 9.99373E-05 9.99373E-05
9.99458E-05 0.814604 0.0307709 9.99458E-05 9.99458E-05 9.99458E-05 9.99458E-05 0.0256077 9.99458E-05 0.128418
9.99201E-05 9.99201E-05 9.99201E-05 9.99201E-05 9.99201E-05 9.99201E-05 0.999101 9.99201E-05 9.99201E-05 9.99201E-05
9.99278E-05 9.99278E-05 9.99278E-05 9.99278E-05 9.99278E-05 0.215885 9.99278E-05 0.783315 9.99278E-05 9.99278E-05
9.99461E-05 9.99461E-05 0.283497 0.123087 0.536406 9.99461E-05 0.0564097 9.99461E-05 9.99461E-05 9.99461E-05
0.410169 9.9937E-05 9.9937E-05 9.9937E-05 0.494602 9.9937E-05 9.9937E-05 0.094529 9.9937E-05 9.9937E-05
0.362508 9.99281E-05 9.99281E-05 9.99281E-05 9.99281E-05 0.636693 9.99281E-05 9.99281E-05 9.99281E-05 9.99281E-05
9.99201E-05 9.99201E-05 9.99201E-05 9.99201E-05 9.99201E-05 9.99201E-05 9.99201E-05 9.99201E-05 9.99201E-05 0.999101
0.228864 9.99461E-05 0.028278 9.99461E-05 9.99461E-05 0.361306 9.99461E-05 0.380952 9.99461E-05 9.99461E-05
9.99372E-05 0.00838565 0.868098 0.122817 9.99372E-05 9.99372E-05 9.99372E-05 9.99372E-05 9.99372E-05 9.99372E-05
9.9973E-05 9.9973E-05 0.00412591 0.579944 0.103709 0.0379059 0.151754 9.9973E-05 0.0532278 0.0690341
9.99283E-05 9.99283E-05 9.99283E-05 0.899205 9.99283E-05 9.99283E-05 0.0999956 9.99283E-05 9.99283E-05 9.99283E-05
9.99461E-05 9.99461E-05 0.0382028 0.936041 0.00868808 9.99461E-05 9.99461E-05 0.0164686 9.99461E-05 9.99461E-05
9.99283E-05 0.0193791 9.99283E-05 9.99283E-05 9.99283E-05 0.979821 9.99283E-05 9.99283E-05 9.99283E-05 9.99283E-05
9.99458E-05 9.99458E-05 9.99458E-05 9.99458E-05 9.99458E-05 0.224076 9.99458E-05 0.737887 0.0103847 0.0270523
9.99459E-05 9.99459E-05 9.99459E-05 0.139315 0.16046 9.99459E-05 9.99459E-05 0.677568 0.0220567 9.99459E-05
9.9928E-05 9.9928E-05 9.9928E-05 0.986351 9.9928E-05 9.9928E-05 0.0128491 9.9928E-05 9.9928E-05 9.9928E-05
9.99284E-05 0.889625 9.99284E-05 9.99284E-05 9.99284E-05 9.99284E-05 0.109575 9.99284E-05 9.99284E-05 9.99284E-05
0.10487 9.99374E-05 9.99374E-05 9.99374E-05 9.99374E-05 0.716118 9.99374E-05 0.178313 9.99374E-05 9.99374E-05
0.737289 9.99458E-05 0.0152609 9.99458E-05 9.99458E-05 0.204389 9.99458E-05 9.99458E-05 0.0424612 9.99458E-05
0.812807 9.99462E-05 0.0215217 9.99462E-05 0.144441 9.99462E-05 9.99462E-05 9.99462E-05 9.99462E-05 0.0206308
9.99279E-05 0.0967453 9.99279E-05 9.99279E-05 9.99279E-05 0.902455 9.99279E-05 9.99279E-05 9.99279E-05 9.99279E-05
0.00904986 9.99641E-05 0.582459 0.149725 0.178975 9.99641E-05 0.061815 9.99641E-05 9.99641E-05 0.0175759
9.99201E-05 9.99201E-05 9.99201E-05 9.99201E-05 9.99201E-05 9.99201E-05 9.99201E-05 9.99201E-05 9.99201E-05 0.999101
9.99201E-05 9.99201E-05 9.99201E-05 9.99201E-05 9.99201E-05 9.99201E-05 9.99201E-05 9.99201E-05 0.999101 9.99201E-05
9.99549E-05 0.644297 9.99549E-05 0.00663976 9.99549E-05 9.99549E-05 0.152926 9.99549E-05 0.0131743 0.182463
9.99201E-05 0.999101 9.99201E-05 9.99201E-05 9.99201E-05 9.99201E-05 9.99201E-05 9.99201E-05 9.99201E-05 9.99201E-05
9.99643E-05 0.102799 9.99643E-05 0.172336 9.99643E-05 9.99643E-05 0.464275 0.053006 0.206689 0.00049473
0.0154568 9.9973E-05 0.0343409 0.0482487 0.0833238 9.9973E-05 9.9973E-05 0.547372 0.212162 0.0587955
0.391195 9.9928E-05 9.9928E-05 9.9928E-05 9.9928E-05 0.608006 9.9928E-05 9.9928E-05 9.9928E-05 9.9928E-05
9.99201E-05 0.999101 9.99201E-05 9.99201E-05 9.99201E-05 9.99201E-05 9.99201E-05 9.99201E-05 9.99201E-05 9.99201E-05
9.99459E-05 0.240177 0.0142329 9.99459E-05 9.99459E-05 9.99459E-05 9.99459E-05 9.99459E-05 0.0285141 0.716477
9.99367E-05 9.99367E-05 9.99367E-05 9.99367E-05 9.99367E-05 0.239131 9.99367E-05 0.737649 9.99367E-05 0.02252
9.99731E-05 0.122891 0.0179461 9.99731E-05 9.99731E-05 0.747239 0.0705504 0.0156181 0.0194256 0.0060299
9.99201E-05 9.99201E-05 9.99201E-05 0.999101 9.99201E-05 9.99201E-05 9.99201E-05 9.99201E-05 9.99201E-05 9.99201E-05
9.99371E-05 9.99371E-05 0.543222 0.452079 9.99371E-05 9.99371E-05 9.99371E-05 9.99371E-05 0.00399986 9.99371E-05
9.9946E-05 9.9946E-05 0.315493 0.646649 9.9946E-05 9.9946E-05 0.0166116 9.9946E-05 9.9946E-05 0.0206468
9.9946E-05 0.726323 9.9946E-05 9.9946E-05 9.9946E-05 9.9946E-05 0.0226875 0.0163486 9.9946E-05 0.234042
0.492036 9.99639E-05 0.0260412 0.0145645 9.99639E-05 0.451851 0.00811264 9.99639E-05 9.99639E-05 0.00699456
9.99459E-05 0.943784 0.0302234 0.0065177 9.99459E-05 9.99459E-05 9.99459E-05 9.99459E-05 0.018875 9.99459E-05
0.309453 0.0927856 9.99459E-05 9.99459E-05 9.99459E-05 0.0236517 9.99459E-05 0.57351 9.99459E-05 9.99459E-05
9.99372E-05 0.34644 9.99372E-05 9.99372E-05 9.99372E-05 9.99372E-05 0.382287 9.99372E-05 9.99372E-05 0.270573
9.9928E-05 9.9928E-05 9.9928E-05 9.9928E-05 9.9928E-05 9.9928E-05 0.940405 9.9928E-05 9.9928E-05 0.0587959
9.9946E-05 9.9946E-05 0.010749 0.161769 0.819175 9.9946E-05 0.00770768 9.9946E-05 9.9946E-05 9.9946E-05
9.99371E-05 9.99371E-05 0.0619429 0.936648 9.99371E-05 9.99371E-05 9.99371E-05 0.000709557 9.99371E-05 9.99371E-05
0.0272578 9.99461E-05 0.00619111 0.95108 9.99461E-05 9.99461E-05 9.99461E-05 0.0148715 9.99461E-05 9.99461E-05
9.9937E-05 9.9937E-05 0.50768 0.490101 9.9937E-05 9.9937E-05 9.9937E-05 9.9937E-05 0.00151999 9.9937E-05
9.9937E-05 9.9937E-05 0.0169669 0.144326 9.9937E-05 9.9937E-05 0.838007 9.9937E-05 9.9937E-05 9.9937E-05
9.99459E-05 9.99459E-05 0.0557358 0.0930746 9.99459E-05 9.99459E-05 0.846735 9.99459E-05 0.00385474 9.99459E-05
0.737956 9.99369E-05 9.99369E-05 9.99369E-05 9.99369E-05 0.253772 0.00757329 9.99369E-05 9.99369E-05 9.99369E-05
9.99371E-05 9.99371E-05 0.280909 0.675008 9.99371E-05 9.99371E-05 0.043384 9.99371E-05 9.99371E-05 9.99371E-05
0.662264 0.0843616 9.99463E-05 9.99463E-05 9.99463E-05 0.0225656 9.99463E-05 0.230209 9.99463E-05 9.99463E-05
9.9946E-05 9.9946E-05 0.0193784 0.948505 0.0251873 9.9946E-05 9.9946E-05 0.00632968 9.9946E-05 9.9946E-05
0.9679 9.99279E-05 9.99279E-05 9.99279E-05 0.0313008 9.99279E-05 9.99279E-05 9.99279E-05 9.99279E-05 9.99279E-05
9.99377E-05 0.580183 9.99377E-05 9.99377E-05 9.99377E-05 9.99377E-05 0.324231 9.99377E-05 0.0948859 9.99377E-05
9.9937E-05 9.9937E-05 0.0160553 0.163711 0.819534 9.9937E-05 9.9937E-05 9.9937E-05 9.9937E-05 9.9937E-05
0.671214 9.99371E-05 9.99371E-05 9.99371E-05 9.99371E-05 0.276536 9.99371E-05 0.0515509 9.99371E-05 9.99371E-05
9.99462E-05 9.99462E-05 0.0859659 0.00929003 9.99462E-05 9.99462E-05 0.80262 9.99462E-05 9.99462E-05 0.101524
9.9946E-05 9.9946E-05 0.0488839 0.0981705 0.698584 9.9946E-05 9.9946E-05 0.153762 9.9946E-05 9.9946E-05
9.99641E-05 0.0971958 9.99641E-05 0.0283881 0.0233753 0.763332 0.0620231 9.99641E-05 9.99641E-05 0.0252853
9.99373E-05 9.99373E-05 9.99373E-05 0.0468664 0.130351 9.99373E-05 9.99373E-05 0.822083 9.99373E-05 9.99373E-05
9.9937E-05 9.9937E-05 9.9937E-05 0.958652 9.9937E-05 9.9937E-05 0.00462866 9.9937E-05 9.9937E-05 0.03602
9.99371E-05 9.99371E-05 9.99371E-05 0.973687 9.99371E-05 9.99371E-05 0.0184528 9.99371E-05 9.99371E-05 0.00716038
9.99461E-05 9.99461E-05 0.575645 0.122899 0.292039 9.99461E-05 9.99461E-05 9.99461E-05 9.99461E-05 0.00881747
9.99201E-05 9.99201E-05 9.99201E-05 9.99201E-05 9.99201E-05 9.99201E-05 9.99201E-05 0.999101 9.99201E-05 9.99201E-05
9.99201E-05 9.99201E-05 9.99201E-05 9.99201E-05 9.99201E-05 0.999101 9.99201E-05 9.99201E-05 9.99201E-05 9.99201E-05
9.9991E-05 0.0119745 0.0415773 0.0959293 0.233374 0.0154622 0.043919 0.394485 0.102548 0.0606311
0.872968 9.99372E-05 9.99372E-05 9.99372E-05 0.114516 9.99372E-05 0.011816 9.99372E-05 9.99372E-05 9.99372E-05
0.00371767 9.99371E-05 9.99371E-05 0.00127048 9.99371E-05 0.994312 9.99371E-05 9.99371E-05 9.99371E-05 9.99371E-05
9.99201E-05 9.99201E-05 9.99201E-05 9.99201E-05 9.99201E-05 9.99201E-05 9.99201E-05 9.99201E-05 9.99201E-05 0.999101
9.99367E-05 9.99367E-05 9.99367E-05 9.99367E-05 9.99367E-05 0.240735 9.99367E-05 0.749026 9.99367E-05 0.00954018
9.99201E-05 9.99201E-05 9.99201E-05 9.99201E-05 9.99201E-05 9.99201E-05 0.999101 9.99201E-05 9.99201E-05 9.99201E-05
9.99641E-05 0.142999 9.99641E-05 9.99641E-05 0.0247257 0.628146 9.99641E-05 0.0618939 0.117968 0.0238677
9.99281E-05 9.99281E-05 0.577889 0.421312 9.99281E-05 9.99281E-05 9.99281E-05 9.99281E-05 9.99281E-05 9.99281E-05
9.9973E-05 9.9973E-05 0.0687141 0.531092 0.0639714 0.0776731 0.164357 9.9973E-05 0.0458903 0.0480028
9.99201E-05 9.99201E-05 9.99201E-05 9.99201E-05 9.99201E-05 9.99201E-05 9.99201E-05 9.99201E-05 9.99201E-05 0.999101
9.99282E-05 9.99282E-05 9.99282E-05 9.99282E-05 9.99282E-05 9.99282E-05 0.0387199 9.99282E-05 9.99282E-05 0.960481
0.061951 9.99551E-05 0.623506 0.0393683 0.262178 9.99551E-05 0.0124978 9.99551E-05 9.99551E-05 9.99551E-05
0.0237839 9.9964E-05 0.125458 0.393697 0.407718 9.9964E-05 0.0252016 9.9964E-05 9.9964E-05 0.0237415
9.99641E-05 0.0505677 0.058637 0.00568555 0.0132279 0.808567 0.0629149 9.99641E-05 9.99641E-05 9.99641E-05
9.99639E-05 9.99639E-05 0.196384 0.092052 0.00259746 0.0316469 0.50383 9.99639E-05 9.99639E-05 0.17309
0.524858 9.9937E-05 9.9937E-05 9.9937E-05 9.9937E-05 0.456859 0.0175834 9.9937E-05 9.9937E-05 9.9937E-05
9.99201E-05 9.99201E-05 0.999101 9.99201E-05 9.99201E-05 9.99201E-05 9.99201E-05 9.99201E-05 9.99201E-05 9.99201E-05
0.00614652 0.189869 9.9973E-05 0.0777392 0.0165715 9.9973E-05 0.603132 9.9973E-05 0.0691335 0.0371088
9.99461E-05 0.791878 9.99461E-05 9.99461E-05 9.99461E-05 9.99461E-05 0.0697957 9.99461E-05 0.00605879 0.131668
9.99377E-05 0.594699 9.99377E-05 9.99377E-05 9.99377E-05 0.338932 9.99377E-05 9.99377E-05 0.0656696 9.99377E-05
0.379573 9.9937E-05 9.9937E-05 9.9937E-05 9.9937E-05 0.603671 9.9937E-05 9.9937E-05 0.0160568 9.9937E-05
0.0022825 9.99551E-05 9.99551E-05 0.728835 0.172553 9.99551E-05 9.99551E-05 0.0448956 0.0509345 9.99551E-05
9.99459E-05 9.99459E-05 9.99459E-05 0.0288318 0.00365842 9.99459E-05 9.99459E-05 9.99459E-05 0.038602 0.928308
9.99201E-05 9.99201E-05 9.99201E-05 9.99201E-05 9.99201E-05 9.99201E-05 9.99201E-05 9.99201E-05 9.99201E-05 0.999101
9.99461E-05 9.99461E-05 0.331818 0.641708 9.99461E-05 0.00846914 0.0174057 9.99461E-05 9.99461E-05 9.99461E-05
9.99371E-05 0.841993 9.99371E-05 9.99371E-05 0.00238263 0.154925 9.99371E-05 9.99371E-05 9.99371E-05 9.99371E-05
0.0141761 0.323607 9.99552E-05 9.99552E-05 0.0208569 9.99552E-05 0.466108 9.99552E-05 0.174753 9.99552E-05
0.150663 9.99548E-05 9.99548E-05 9.99548E-05 9.99548E-05 0.063387 0.0557225 0.726049 0.00367852 9.99548E-05
0.104605 9.99279E-05 9.99279E-05 9.99279E-05 0.894596 9.99279E-05 9.99279E-05 9.99279E-05 9.99279E-05 9.99279E-05
0.0844 9.9928E-05 9.9928E-05 9.9928E-05 0.914801 9.9928E-05 9.9928E-05 9.9928E-05 9.9928E-05 9.9928E-05
0.0506086 0.337592 9.99641E-05 0.0205273 9.99641E-05 9.99641E-05 0.343419 9.99641E-05 0.190033 0.0574205
9.99201E-05 9.99201E-05 9.99201E-05 9.99201E-05 9.99201E-05 9.99201E-05 9.99201E-05 9.99201E-05 0.999101 9.99201E-05
0.708487 9.99371E-05 9.99371E-05 9.99371E-05 9.99371E-05 0.279633 9.99371E-05 9.99371E-05 9.99371E-05 0.0111807
9.9982E-05 0.0979436 0.017962 0.0408493 9.9982E-05 0.611759 0.00608034 0.0630354 0.11016 0.0520097
0.556976 9.99369E-05 9.99369E-05 9.99369E-05 9.99369E-05 0.428575 9.99369E-05 9.99369E-05 9.99369E-05 0.013749
