9.998E-05 9.998E-05 9.998E-05 0.9997
0.832407 9.9982E-05 0.167394 9.9982E-05
0.646092 0.35337 9.9991E-05 0.000437914
9.999E-05 0.727679 0.150145 0.122075
0.891434 0.108366 9.9982E-05 9.9982E-05
9.9991E-05 0.00658916 0.152853 0.840457
0.773779 9.9982E-05 0.226022 9.9982E-05
0.273597 0.55402 0.0762523 0.0961301
0.528007 9.9991E-05 0.385474 0.0864192
0.297276 0.682344 9.9991E-05 0.0202793
0.565966 9.99819E-05 0.433834 9.99819E-05
9.999E-05 0.028864 0.648798 0.322238
9.9982E-05 0.308507 9.9982E-05 0.691293
0.067035 0.0741666 0.680306 0.178492
9.9982E-05 0.967603 0.0321971 9.9982E-05
9.99821E-05 9.99821E-05 0.826473 0.173327
9.9991E-05 0.0757536 0.725432 0.198714
0.555864 9.99819E-05 0.443936 9.99819E-05
0.813319 9.9982E-05 0.186481 9.9982E-05
0.997398 0.00240166 9.9982E-05 9.9982E-05
0.0617906 9.99822E-05 0.938009 9.99822E-05
9.998E-05 9.998E-05 9.998E-05 0.9997
0.190207 0.79496 0.0147337 9.9991E-05
0.544102 0.127037 0.0137452 0.315116
9.99822E-05 0.912565 0.0872353 9.99822E-05
0.425552 9.9991E-05 0.4454 0.128948
9.9982E-05 0.528507 9.9982E-05 0.471293
9.998E-05 9.998E-05 0.9997 9.998E-05
9.998E-05 9.998E-05 9.998E-05 0.9997
0.578031 9.99819E-05 0.421769 9.99819E-05
9.998E-05 0.9997 9.998E-05 9.998E-05
9.9982E-05 9.9982E-05 0.288511 0.711289
0.57032 9.99909E-05 0.413637 0.0159427
0.103297 0.0769568 0.0902788 0.729468
0.786782 9.99819E-05 0.213018 9.99819E-05
0.399149 0.600651 9.9982E-05 9.9982E-05
0.50093 0.0899446 0.1441 0.265025
9.9982E-05 0.388552 9.9982E-05 0.611248
0.0082156 0.00363684 0.988048 9.9991E-05
9.9991E-05 0.0388857 0.796571 0.164443
9.9991E-05 0.0683742 0.0279185 0.903607
0.000418778 0.887101 0.112381 9.99911E-05
0.731842 9.99911E-05 0.243677 0.0243807
9.9982E-05 0.705062 9.9982E-05 0.294738
9.9982E-05 9.9982E-05 0.136993 0.862807
0.0287377 9.9991E-05 0.156472 0.81469
0.909243 0.00561109 9.9991E-05 0.0850457
0.657988 9.99821E-05 0.341812 9.99821E-05
0.760003 9.9982E-05 0.239797 9.9982E-05
9.998E-05 9.998E-05 9.998E-05 0.9997
9.99821E-05 0.290228 9.99821E-05 0.709572
0.0294924 0.0494376 0.662188 0.258882
9.998E-05 9.998E-05 0.9997 9.998E-05
0.149326 0.850474 9.9982E-05 9.9982E-05
0.272955 0.554207 0.0600035 0.112834
0.228788 0.698143 0.0390572 0.0340117
0.588677 0.411123 9.99821E-05 9.99821E-05
9.998E-05 0.9997 9.998E-05 9.998E-05
0.196975 0.32262 0.146776 0.333629
0.9997 9.998E-05 9.998E-05 9.998E-05
0.0623804 0.0788895 0.138768 0.719962
0.0251617 0.110576 0.131848 0.732414
9.9982E-05 0.182517 9.9982E-05 0.817283
9.9991E-05 0.160215 0.131179 0.708506
0.186742 0.430593 9.9991E-05 0.382566
9.998E-05 0.9997 9.998E-05 9.998E-05
0.136648 0.483386 0.0208394 0.359127
9.998E-05 9.998E-05 9.998E-05 0.9997
9.9991E-05 0.0121173 0.918925 0.0688573
9.9982E-05 0.352082 9.9982E-05 0.647718
0.641275 0.358525 9.99819E-05 9.99819E-05
9.998E-05 9.998E-05 9.998E-05 0.9997
9.9982E-05 0.180919 9.9982E-05 0.818881
9.998E-05 0.9997 9.998E-05 9.998E-05
0.955508 9.9982E-05 9.9982E-05 0.0442916
0.814569 9.9982E-05 0.185231 9.9982E-05
0.17069 0.82911 9.99819E-05 9.99819E-05
9.9982E-05 9.9982E-05 0.929121 0.0706791
0.0666961 0.0215883 0.782216 0.129499
9.998E-05 0.9997 9.998E-05 9.998E-05
0.768583 9.99911E-05 0.187336 0.043981
0.493796 0.0866865 0.128246 0.291272
0.150043 9.9991E-05 0.763168 0.0866887
9.9982E-05 0.700076 9.9982E-05 0.299724
9.99821E-05 0.904449 0.0953513 9.99821E-05
9.9982E-05 0.0478946 0.951905 9.9982E-05
9.998E-05 9.998E-05 9.998E-05 0.9997
9.9982E-05 0.864396 9.9982E-05 0.135404
0.00639031 0.792496 0.185615 0.0154989
0.0761204 0.756588 0.0927597 0.0745314
9.998E-05 9.998E-05 9.998E-05 0.9997
0.229098 0.770702 9.9982E-05 9.9982E-05
0.9997 9.998E-05 9.998E-05 9.998E-05
9.998E-05 0.9997 9.998E-05 9.998E-05
9.9982E-05 9.9982E-05 0.778763 0.221037
0.515795 0.142589 0.00478243 0.336834
0.164661 0.36382 0.0740954 0.397423
0.901575 0.098225 9.9982E-05 9.9982E-05
0.0977802 9.9982E-05 0.90202 9.9982E-05
9.9982E-05 0.977525 9.9982E-05 0.0222753
0.54909 9.99819E-05 0.45071 9.99819E-05
9.99821E-05 9.99821E-05 0.945422 0.054378
0.534434 0.402764 0.00676681 0.0560351
9.99821E-05 0.212827 9.99821E-05 0.786973
9.9982E-05 0.882926 9.9982E-05 0.116874
0.522345 0.477455 9.9982E-05 9.9982E-05
0.0393064 9.9982E-05 0.960494 9.9982E-05
0.416012 0.536481 9.9991E-05 0.0474067
9.998E-05 9.998E-05 9.998E-05 0.9997
0.0988051 0.0106336 0.312349 0.578212
9.99821E-05 9.99821E-05 0.32849 0.67131
9.9982E-05 9.9982E-05 0.164501 0.835299
0.9997 9.998E-05 9.998E-05 9.998E-05
0.524339 0.359362 0.0064339 0.109865
0.139121 0.450945 0.0240463 0.385888
9.9982E-05 9.9982E-05 0.271548 0.728252
0.342538 9.99821E-05 0.657262 9.99821E-05
0.669325 0.330475 9.99821E-05 9.99821E-05
0.181399 0.818401 9.9982E-05 9.9982E-05
9.9991E-05 0.96724 0.0115026 0.0211576
0.9997 9.998E-05 9.998E-05 9.998E-05
9.9991E-05 0.0686713 0.0401667 0.891062
0.100438 9.99819E-05 0.899362 9.99819E-05
0.517524 0.0901686 0.101057 0.291251
0.323479 9.9982E-05 0.676321 9.9982E-05
0.657791 9.9982E-05 0.342009 9.9982E-05
0.121508 0.075242 0.626464 0.176786
0.238911 0.397999 0.0883381 0.274753
0.51295 0.48685 9.9982E-05 9.9982E-05
0.670023 9.9982E-05 0.329777 9.9982E-05
0.235263 9.9991E-05 0.750975 0.0136625
0.547505 0.348261 0.0115495 0.0926851
0.880439 0.0127658 0.0353446 0.0714509
9.9982E-05 9.9982E-05 0.24875 0.751051
9.998E-05 9.998E-05 9.998E-05 0.9997
9.9982E-05 9.9982E-05 0.180019 0.819781
0.45891 9.99819E-05 0.54089 9.99819E-05
0.443792 0.54025 9.9991E-05 0.0158586
0.593465 9.9991E-05 0.39737 0.00906482
0.321205 0.653528 9.9991E-05 0.0251668
0.0846778 9.99821E-05 0.915122 9.99821E-05
9.998E-05 9.998E-05 0.9997 9.998E-05
9.9982E-05 0.348896 9.9982E-05 0.650904
9.99821E-05 9.99821E-05 0.134686 0.865114
9.9991E-05 0.0211126 0.156186 0.822601
9.998E-05 9.998E-05 9.998E-05 0.9997
9.9982E-05 9.9982E-05 0.71427 0.28553
9.9982E-05 9.9982E-05 0.766269 0.233531
0.192894 0.806906 9.9982E-05 9.9982E-05
0.00609553 9.9991E-05 0.161588 0.832217
0.136036 0.829209 0.0346554 9.9991E-05
0.0015747 9.9991E-05 0.124747 0.873578
9.998E-05 0.9997 9.998E-05 9.998E-05
0.225121 9.99823E-05 0.774679 9.99823E-05
9.9982E-05 0.368582 9.9982E-05 0.631218
0.245911 0.753889 9.9982E-05 9.9982E-05
9.99821E-05 9.99821E-05 0.829047 0.170753
9.9982E-05 0.44662 9.9982E-05 0.55318
0.880541 9.9991E-05 0.0254138 0.0939448
0.1583 0.472308 0.0866529 0.282738
0.00599247 9.9991E-05 0.274574 0.719333
9.9982E-05 9.9982E-05 0.278554 0.721246
9.9982E-05 0.0781862 9.9982E-05 0.921614
0.0871635 0.736162 0.0831096 0.0935654
0.933657 0.0661434 9.99821E-05 9.99821E-05
0.14479 0.37017 0.166168 0.318872
9.9982E-05 0.993437 0.00636258 9.9982E-05
0.912368 0.0874322 9.9982E-05 9.9982E-05
0.10338 9.99819E-05 0.89642 9.99819E-05
0.52742 0.388597 0.0391227 0.04486
9.99821E-05 9.99821E-05 0.992383 0.00741712
0.860026 0.0316647 9.9991E-05 0.10821
9.9982E-05 9.9982E-05 0.0232422 0.976558
0.0987887 9.9991E-05 0.292719 0.608392
0.109889 9.99819E-05 0.889911 9.99819E-05
0.00786281 9.9982E-05 0.991937 9.9982E-05
9.9982E-05 0.182332 9.9982E-05 0.817468
9.9991E-05 0.193489 0.0884279 0.717983
0.882808 9.99821E-05 9.99821E-05 0.116992
9.9991E-05 0.0117403 0.622927 0.365233
0.433653 0.566147 9.9982E-05 9.9982E-05
9.9982E-05 0.00190646 9.9982E-05 0.997894
0.0568494 0.0242256 0.800746 0.118179
0.444575 9.9982E-05 0.555225 9.9982E-05
0.82409 9.99822E-05 0.17571 9.99822E-05
0.532686 0.467114 9.9982E-05 9.9982E-05
0.0786926 0.128457 0.0734969 0.719353
0.101017 9.9991E-05 0.864397 0.0344854
0.0660881 9.9982E-05 0.933712 9.9982E-05
9.9982E-05 9.9982E-05 0.183654 0.816146
0.750661 9.9982E-05 0.249139 9.9982E-05
0.211428 0.0629416 0.662904 0.0627264
0.265014 0.552085 0.0967911 0.0861095
9.9982E-05 0.693144 9.9982E-05 0.306656
9.9982E-05 0.704443 9.9982E-05 0.295357
0.169943 0.0876552 0.67531 0.0670919
0.485905 0.103945 0.109797 0.300353
0.256343 0.743457 9.9982E-05 9.9982E-05
0.773507 0.0480349 0.0373559 0.141102
0.406603 0.593198 9.9982E-05 9.9982E-05
